-10.472 -3.6276 1.339089073
-9.948376736 -2.720699046 1.278076068
-9.424777961 -1.813799364 1.104690817
-8.901179185 -0.9068996821 1.278076068
-8.37758041 -4.440892099e-16 1.339089073
-7.853981634 0.9068996821 0.9284816422
-7.330382858 1.813799364 0.4372960332
-6.806784083 2.720699046 0.1789810595
-6.283185307 3.627598728 0.03818143527
-5.759586532 4.534498411 0.1789810595
-5.235987756 5.441398093 0.4372960332
-4.71238898 6.348297775 0.9284816422
-4.188790205 7.255197457 1.339089073
-3.665191429 8.162097139 1.278076068
-3.141592654 9.068996821 1.104690817
-2.617993878 9.975896503 1.278076068
-2.094395102 10.88279619 1.339089073
-9.948376736 -3.929898623 1.169599071
-9.424777961 -3.02299894 1.005369824
-8.901179185 -2.116099258 0.8879702118
-8.37758041 -1.209199576 1.005304585
-7.853981634 -0.302299894 1.169508113
-7.330382858 0.6045997881 0.9408041397
-6.806784083 1.51149947 0.4657556365
-6.283185307 2.418399152 0.2142449067
-5.759586532 3.325298834 0.09723778607
-5.235987756 4.232198517 0.2142375657
-4.71238898 5.139098199 0.4657681846
-4.188790205 6.045997881 0.9408535099
-3.665191429 6.952897563 1.169599071
-3.141592654 7.859797245 1.005369824
-2.617993878 8.766696927 0.8879702118
-2.094395102 9.673596609 1.005304585
-1.570796327 10.58049629 1.169508113
-9.424777961 -4.232198517 0.9021408614
-8.901179185 -3.325298834 0.6641261347
-8.37758041 -2.418399152 0.5835609468
-7.853981634 -1.51149947 0.6640981746
-7.330382858 -0.6045997881 0.9020513091
-6.806784083 0.302299894 0.9710578707
-6.283185307 1.209199576 0.5501912111
-5.759586532 2.116099258 0.3048604593
-5.235987756 3.02299894 0.217111824
-4.71238898 3.929898623 0.3048432993
-4.188790205 4.836798305 0.5502101573
-3.665191429 5.743697987 0.9711350594
-3.141592654 6.650597669 0.9021408614
-2.617993878 7.557497351 0.6641261347
-2.094395102 8.464397033 0.5835609468
-1.570796327 9.371296715 0.6640981746
-1.047197551 10.2781964 0.9020513091
-8.901179185 -4.534498411 0.6938748205
-8.37758041 -3.627598728 0.4468920574
-7.853981634 -2.720699046 0.3708447126
-7.330382858 -1.813799364 0.4468881816
-6.806784083 -0.9068996821 0.6938389549
-6.283185307 -8.881784197e-16 0.9896940504
-5.759586532 0.9068996821 0.6938389549
-5.235987756 1.813799364 0.4468881816
-4.71238898 2.720699046 0.3708447126
-4.188790205 3.627598728 0.4468920574
-3.665191429 4.534498411 0.6938748205
-3.141592654 5.441398093 0.98978081
-2.617993878 6.348297775 0.6938748205
-2.094395102 7.255197457 0.4468920574
-1.570796327 8.162097139 0.3708447126
-1.047197551 9.068996821 0.4468881816
-0.5235987756 9.975896503 0.6938389549
-8.37758041 -4.836798305 0.5502101573
-7.853981634 -3.929898623 0.3048432993
-7.330382858 -3.02299894 0.217111824
-6.806784083 -2.116099258 0.3048604593
-6.283185307 -1.209199576 0.5501912111
-5.759586532 -0.302299894 0.9710578707
-5.235987756 0.6045997881 0.9020513091
-4.71238898 1.51149947 0.6640981746
-4.188790205 2.418399152 0.5835609468
-3.665191429 3.325298834 0.6641261347
-3.141592654 4.232198517 0.9021408614
-2.617993878 5.139098199 0.9711350594
-2.094395102 6.045997881 0.5502101573
-1.570796327 6.952897563 0.3048432993
-1.047197551 7.859797245 0.217111824
-0.5235987756 8.766696927 0.3048604593
-8.881784197e-16 9.673596609 0.5501912111
-7.853981634 -5.139098199 0.4657681846
-7.330382858 -4.232198517 0.2142375657
-6.806784083 -3.325298834 0.09723778607
-6.283185307 -2.418399152 0.2142449067
-5.759586532 -1.51149947 0.4657556365
-5.235987756 -0.6045997881 0.9408041397
-4.71238898 0.302299894 1.169508113
-4.188790205 1.209199576 1.005304585
-3.665191429 2.116099258 0.8879702118
-3.141592654 3.02299894 1.005369824
-2.617993878 3.929898623 1.169599071
-2.094395102 4.836798305 0.9408535099
-1.570796327 5.743697987 0.4657681846
-1.047197551 6.650597669 0.2142375657
-0.5235987756 7.557497351 0.09723778607
-1.776356839e-15 8.464397033 0.2142449067
0.5235987756 9.371296715 0.4657556365
-7.330382858 -5.441398093 0.4372960332
-6.806784083 -4.534498411 0.1789810595
-6.283185307 -3.627598728 0.03818143527
-5.759586532 -2.720699046 0.1789810595
-5.235987756 -1.813799364 0.4372960332
-4.71238898 -0.9068996821 0.9284816422
-4.188790205 -6.661338148e-16 1.339089073
-3.665191429 0.9068996821 1.278076068
-3.141592654 1.813799364 1.104690817
-2.617993878 2.720699046 1.278076068
-2.094395102 3.627598728 1.339089073
-1.570796327 4.534498411 0.9284816422
-1.047197551 5.441398093 0.4372960332
-0.5235987756 6.348297775 0.1789810595
-1.33226763e-15 7.255197457 0.03818143527
0.5235987756 8.162097139 0.1789810595
1.047197551 9.068996821 0.4372960332
-6.806784083 -5.743697987 0.4657556365
-6.283185307 -4.836798305 0.2142449067
-5.759586532 -3.929898623 0.09723778607
-5.235987756 -3.02299894 0.2142375657
-4.71238898 -2.116099258 0.4657681846
-4.188790205 -1.209199576 0.9408535099
-3.665191429 -0.302299894 1.169599071
-3.141592654 0.6045997881 1.005369824
-2.617993878 1.51149947 0.8879702118
-2.094395102 2.418399152 1.005304585
-1.570796327 3.325298834 1.169508113
-1.047197551 4.232198517 0.9408041397
-0.5235987756 5.139098199 0.4657556365
-1.776356839e-15 6.045997881 0.2142449067
0.5235987756 6.952897563 0.09723778607
1.047197551 7.859797245 0.2142375657
1.570796327 8.766696927 0.4657681846
-6.283185307 -6.045997881 0.5501912111
-5.759586532 -5.139098199 0.3048604593
-5.235987756 -4.232198517 0.217111824
-4.71238898 -3.325298834 0.3048432993
-4.188790205 -2.418399152 0.5502101573
-3.665191429 -1.51149947 0.9711350594
-3.141592654 -0.6045997881 0.9021408614
-2.617993878 0.302299894 0.6641261347
-2.094395102 1.209199576 0.5835609468
-1.570796327 2.116099258 0.6640981746
-1.047197551 3.02299894 0.9020513091
-0.5235987756 3.929898623 0.9710578707
-1.776356839e-15 4.836798305 0.5501912111
0.5235987756 5.743697987 0.3048604593
1.047197551 6.650597669 0.217111824
1.570796327 7.557497351 0.3048432993
2.094395102 8.464397033 0.5502101573
-5.759586532 -6.348297775 0.6938389549
-5.235987756 -5.441398093 0.4468881816
-4.71238898 -4.534498411 0.3708447126
-4.188790205 -3.627598728 0.4468920574
-3.665191429 -2.720699046 0.6938748205
-3.141592654 -1.813799364 0.98978081
-2.617993878 -0.9068996821 0.6938748205
-2.094395102 -4.440892099e-16 0.4468920574
-1.570796327 0.9068996821 0.3708447126
-1.047197551 1.813799364 0.4468881816
-0.5235987756 2.720699046 0.6938389549
-1.776356839e-15 3.627598728 0.9896940504
0.5235987756 4.534498411 0.6938389549
1.047197551 5.441398093 0.4468881816
1.570796327 6.348297775 0.3708447126
2.094395102 7.255197457 0.4468920574
2.617993878 8.162097139 0.6938748205
-5.235987756 -6.650597669 0.9020513091
-4.71238898 -5.743697987 0.6640981746
-4.188790205 -4.836798305 0.5835609468
-3.665191429 -3.929898623 0.6641261347
-3.141592654 -3.02299894 0.9021408614
-2.617993878 -2.116099258 0.9711350594
-2.094395102 -1.209199576 0.5502101573
-1.570796327 -0.302299894 0.3048432993
-1.047197551 0.6045997881 0.217111824
-0.5235987756 1.51149947 0.3048604593
-1.998401444e-15 2.418399152 0.5501912111
0.5235987756 3.325298834 0.9710578707
1.047197551 4.232198517 0.9020513091
1.570796327 5.139098199 0.6640981746
2.094395102 6.045997881 0.5835609468
2.617993878 6.952897563 0.6641261347
3.141592654 7.859797245 0.9021408614
-4.71238898 -6.952897563 1.169508113
-4.188790205 -6.045997881 1.005304585
-3.665191429 -5.139098199 0.8879702118
-3.141592654 -4.232198517 1.005369824
-2.617993878 -3.325298834 1.169599071
-2.094395102 -2.418399152 0.9408535099
-1.570796327 -1.51149947 0.4657681846
-1.047197551 -0.6045997881 0.2142375657
-0.5235987756 0.302299894 0.09723778607
-1.998401444e-15 1.209199576 0.2142449067
0.5235987756 2.116099258 0.4657556365
1.047197551 3.02299894 0.9408041397
1.570796327 3.929898623 1.169508113
2.094395102 4.836798305 1.005304585
2.617993878 5.743697987 0.8879702118
3.141592654 6.650597669 1.005369824
3.665191429 7.557497351 1.169599071
-4.188790205 -7.255197457 1.339089073
-3.665191429 -6.348297775 1.278076068
-3.141592654 -5.441398093 1.104690817
-2.617993878 -4.534498411 1.278076068
-2.094395102 -3.627598728 1.339089073
-1.570796327 -2.720699046 0.9284816422
-1.047197551 -1.813799364 0.4372960332
-0.5235987756 -0.9068996821 0.1789810595
-2.012207695e-15 -3.766214946e-16 0.03818143527
0.5235987756 0.9068996821 0.1789810595
1.047197551 1.813799364 0.4372960332
1.570796327 2.720699046 0.9284816422
2.094395102 3.627598728 1.339089073
2.617993878 4.534498411 1.278076068
3.141592654 5.441398093 1.104690817
3.665191429 6.348297775 1.278076068
4.188790205 7.255197457 1.339089073
-3.665191429 -7.557497351 1.169599071
-3.141592654 -6.650597669 1.005369824
-2.617993878 -5.743697987 0.8879702118
-2.094395102 -4.836798305 1.005304585
-1.570796327 -3.929898623 1.169508113
-1.047197551 -3.02299894 0.9408041397
-0.5235987756 -2.116099258 0.4657556365
-2.109423747e-15 -1.209199576 0.2142449067
0.5235987756 -0.302299894 0.09723778607
1.047197551 0.6045997881 0.2142375657
1.570796327 1.51149947 0.4657681846
2.094395102 2.418399152 0.9408535099
2.617993878 3.325298834 1.169599071
3.141592654 4.232198517 1.005369824
3.665191429 5.139098199 0.8879702118
4.188790205 6.045997881 1.005304585
4.71238898 6.952897563 1.169508113
-3.141592654 -7.859797245 0.9021408614
-2.617993878 -6.952897563 0.6641261347
-2.094395102 -6.045997881 0.5835609468
-1.570796327 -5.139098199 0.6640981746
-1.047197551 -4.232198517 0.9020513091
-0.5235987756 -3.325298834 0.9710578707
-2.220446049e-15 -2.418399152 0.5501912111
0.5235987756 -1.51149947 0.3048604593
1.047197551 -0.6045997881 0.217111824
1.570796327 0.302299894 0.3048432993
2.094395102 1.209199576 0.5502101573
2.617993878 2.116099258 0.9711350594
3.141592654 3.02299894 0.9021408614
3.665191429 3.929898623 0.6641261347
4.188790205 4.836798305 0.5835609468
4.71238898 5.743697987 0.6640981746
5.235987756 6.650597669 0.9020513091
-2.617993878 -8.162097139 0.6938748205
-2.094395102 -7.255197457 0.4468920574
-1.570796327 -6.348297775 0.3708447126
-1.047197551 -5.441398093 0.4468881816
-0.5235987756 -4.534498411 0.6938389549
-2.220446049e-15 -3.627598728 0.9896940504
0.5235987756 -2.720699046 0.6938389549
1.047197551 -1.813799364 0.4468881816
1.570796327 -0.9068996821 0.3708447126
2.094395102 -3.330669074e-16 0.4468920574
2.617993878 0.9068996821 0.6938748205
3.141592654 1.813799364 0.98978081
3.665191429 2.720699046 0.6938748205
4.188790205 3.627598728 0.4468920574
4.71238898 4.534498411 0.3708447126
5.235987756 5.441398093 0.4468881816
5.759586532 6.348297775 0.6938389549
-2.094395102 -8.464397033 0.5502101573
-1.570796327 -7.557497351 0.3048432993
-1.047197551 -6.650597669 0.217111824
-0.5235987756 -5.743697987 0.3048604593
-2.220446049e-15 -4.836798305 0.5501912111
0.5235987756 -3.929898623 0.9710578707
1.047197551 -3.02299894 0.9020513091
1.570796327 -2.116099258 0.6640981746
2.094395102 -1.209199576 0.5835609468
2.617993878 -0.302299894 0.6641261347
3.141592654 0.6045997881 0.9021408614
3.665191429 1.51149947 0.9711350594
4.188790205 2.418399152 0.5502101573
4.71238898 3.325298834 0.3048432993
5.235987756 4.232198517 0.217111824
5.759586532 5.139098199 0.3048604593
6.283185307 6.045997881 0.5501912111
-1.570796327 -8.766696927 0.4657681846
-1.047197551 -7.859797245 0.2142375657
-0.5235987756 -6.952897563 0.09723778607
-2.220446049e-15 -6.045997881 0.2142449067
0.5235987756 -5.139098199 0.4657556365
1.047197551 -4.232198517 0.9408041397
1.570796327 -3.325298834 1.169508113
2.094395102 -2.418399152 1.005304585
2.617993878 -1.51149947 0.8879702118
3.141592654 -0.6045997881 1.005369824
3.665191429 0.302299894 1.169599071
4.188790205 1.209199576 0.9408535099
4.71238898 2.116099258 0.4657681846
5.235987756 3.02299894 0.2142375657
5.759586532 3.929898623 0.09723778607
6.283185307 4.836798305 0.2142449067
6.806784083 5.743697987 0.4657556365
-1.047197551 -9.068996821 0.4372960332
-0.5235987756 -8.162097139 0.1789810595
-2.664535259e-15 -7.255197457 0.03818143527
0.5235987756 -6.348297775 0.1789810595
1.047197551 -5.441398093 0.4372960332
1.570796327 -4.534498411 0.9284816422
2.094395102 -3.627598728 1.339089073
2.617993878 -2.720699046 1.278076068
3.141592654 -1.813799364 1.104690817
3.665191429 -0.9068996821 1.278076068
4.188790205 -2.220446049e-16 1.339089073
4.71238898 0.9068996821 0.9284816422
5.235987756 1.813799364 0.4372960332
5.759586532 2.720699046 0.1789810595
6.283185307 3.627598728 0.03818143527
6.806784083 4.534498411 0.1789810595
7.330382858 5.441398093 0.4372960332
-0.5235987756 -9.371296715 0.4657556365
-2.220446049e-15 -8.464397033 0.2142449067
0.5235987756 -7.557497351 0.09723778607
1.047197551 -6.650597669 0.2142375657
1.570796327 -5.743697987 0.4657681846
2.094395102 -4.836798305 0.9408535099
2.617993878 -3.929898623 1.169599071
3.141592654 -3.02299894 1.005369824
3.665191429 -2.116099258 0.8879702118
4.188790205 -1.209199576 1.005304585
4.71238898 -0.302299894 1.169508113
5.235987756 0.6045997881 0.9408041397
5.759586532 1.51149947 0.4657556365
6.283185307 2.418399152 0.2142449067
6.806784083 3.325298834 0.09723778607
7.330382858 4.232198517 0.2142375657
7.853981634 5.139098199 0.4657681846
-1.776356839e-15 -9.673596609 0.5501912111
0.5235987756 -8.766696927 0.3048604593
1.047197551 -7.859797245 0.217111824
1.570796327 -6.952897563 0.3048432993
2.094395102 -6.045997881 0.5502101573
2.617993878 -5.139098199 0.9711350594
3.141592654 -4.232198517 0.9021408614
3.665191429 -3.325298834 0.6641261347
4.188790205 -2.418399152 0.5835609468
4.71238898 -1.51149947 0.6640981746
5.235987756 -0.6045997881 0.9020513091
5.759586532 0.302299894 0.9710578707
6.283185307 1.209199576 0.5501912111
6.806784083 2.116099258 0.3048604593
7.330382858 3.02299894 0.217111824
7.853981634 3.929898623 0.3048432993
8.37758041 4.836798305 0.5502101573
0.5235987756 -9.975896503 0.6938389549
1.047197551 -9.068996821 0.4468881816
1.570796327 -8.162097139 0.3708447126
2.094395102 -7.255197457 0.4468920574
2.617993878 -6.348297775 0.6938748205
3.141592654 -5.441398093 0.98978081
3.665191429 -4.534498411 0.6938748205
4.188790205 -3.627598728 0.4468920574
4.71238898 -2.720699046 0.3708447126
5.235987756 -1.813799364 0.4468881816
5.759586532 -0.9068996821 0.6938389549
6.283185307 -4.440892099e-16 0.9896940504
6.806784083 0.9068996821 0.6938389549
7.330382858 1.813799364 0.4468881816
7.853981634 2.720699046 0.3708447126
8.37758041 3.627598728 0.4468920574
8.901179185 4.534498411 0.6938748205
1.047197551 -10.2781964 0.9020513091
1.570796327 -9.371296715 0.6640981746
2.094395102 -8.464397033 0.5835609468
2.617993878 -7.557497351 0.6641261347
3.141592654 -6.650597669 0.9021408614
3.665191429 -5.743697987 0.9711350594
4.188790205 -4.836798305 0.5502101573
4.71238898 -3.929898623 0.3048432993
5.235987756 -3.02299894 0.217111824
5.759586532 -2.116099258 0.3048604593
6.283185307 -1.209199576 0.5501912111
6.806784083 -0.302299894 0.9710578707
7.330382858 0.6045997881 0.9020513091
7.853981634 1.51149947 0.6640981746
8.37758041 2.418399152 0.5835609468
8.901179185 3.325298834 0.6641261347
9.424777961 4.232198517 0.9021408614
1.570796327 -10.58049629 1.169508113
2.094395102 -9.673596609 1.005304585
2.617993878 -8.766696927 0.8879702118
3.141592654 -7.859797245 1.005369824
3.665191429 -6.952897563 1.169599071
4.188790205 -6.045997881 0.9408535099
4.71238898 -5.139098199 0.4657681846
5.235987756 -4.232198517 0.2142375657
5.759586532 -3.325298834 0.09723778607
6.283185307 -2.418399152 0.2142449067
6.806784083 -1.51149947 0.4657556365
7.330382858 -0.6045997881 0.9408041397
7.853981634 0.302299894 1.169508113
8.37758041 1.209199576 1.005304585
8.901179185 2.116099258 0.8879702118
9.424777961 3.02299894 1.005369824
9.948376736 3.929898623 1.169599071
2.094395102 -10.88279619 1.339089073
2.617993878 -9.975896503 1.278076068
3.141592654 -9.068996821 1.104690817
3.665191429 -8.162097139 1.278076068
4.188790205 -7.255197457 1.339089073
4.71238898 -6.348297775 0.9284816422
5.235987756 -5.441398093 0.4372960332
5.759586532 -4.534498411 0.1789810595
6.283185307 -3.627598728 0.03818143527
6.806784083 -2.720699046 0.1789810595
7.330382858 -1.813799364 0.4372960332
7.853981634 -0.9068996821 0.9284816422
8.37758041 -4.440892099e-16 1.339089073
8.901179185 0.9068996821 1.278076068
9.424777961 1.813799364 1.104690817
9.948376736 2.720699046 1.278076068
10.47197551 3.627598728 1.339089073
