-10.472 -3.6276 0.7486385255
-9.948376736 -2.720699046 0.6316427002
-9.424777961 -1.813799364 1.210851941
-8.901179185 -0.9068996821 0.6316427002
-8.37758041 -4.440892099e-16 0.7486385255
-7.853981634 0.9068996821 0.911659709
-7.330382858 1.813799364 0.5178010924
-6.806784083 2.720699046 0.2381044322
-6.283185307 3.627598728 0.03747973555
-5.759586532 4.534498411 0.2381044322
-5.235987756 5.441398093 0.5178010924
-4.71238898 6.348297775 0.911659709
-4.188790205 7.255197457 0.7486385255
-3.665191429 8.162097139 0.6316427002
-3.141592654 9.068996821 1.210851941
-2.617993878 9.975896503 0.6316427002
-2.094395102 10.88279619 0.7486385255
-9.948376736 -3.929898623 0.7522464776
-9.424777961 -3.02299894 0.5940676392
-8.901179185 -2.116099258 0.7012600659
-8.37758041 -1.209199576 0.5940538563
-7.853981634 -0.302299894 0.7522165999
-7.330382858 0.6045997881 1.017243088
-6.806784083 1.51149947 0.5423088209
-6.283185307 2.418399152 0.2615177633
-5.759586532 3.325298834 0.09983540254
-5.235987756 4.232198517 0.2615169984
-4.71238898 5.139098199 0.5423306033
-4.188790205 6.045997881 1.017332623
-3.665191429 6.952897563 0.7522464776
-3.141592654 7.859797245 0.5940676392
-2.617993878 8.766696927 0.7012600659
-2.094395102 9.673596609 0.5940538563
-1.570796327 10.58049629 0.7522165999
-9.424777961 -4.232198517 0.7461460273
-8.901179185 -3.325298834 0.508337542
-8.37758041 -2.418399152 0.4479051392
-7.853981634 -1.51149947 0.5083273588
-7.330382858 -0.6045997881 0.7461123304
-6.806784083 0.302299894 1.546010415
-6.283185307 1.209199576 0.6109524318
-5.759586532 2.116099258 0.3247110161
-5.235987756 3.02299894 0.2015794733
-4.71238898 3.929898623 0.3247145253
-4.188790205 4.836798305 0.6109968044
-3.665191429 5.743697987 1.546146094
-3.141592654 6.650597669 0.7461460273
-2.617993878 7.557497351 0.508337542
-2.094395102 8.464397033 0.4479051392
-1.570796327 9.371296715 0.5083273588
-1.047197551 10.2781964 0.7461123304
-8.901179185 -4.534498411 0.695657502
-8.37758041 -3.627598728 0.4121628155
-7.853981634 -2.720699046 0.3135482641
-7.330382858 -1.813799364 0.412157586
-6.806784083 -0.9068996821 0.6956158511
-6.283185307 -8.881784197e-16 3.246631764
-5.759586532 0.9068996821 0.6956158511
-5.235987756 1.813799364 0.412157586
-4.71238898 2.720699046 0.3135482641
-4.188790205 3.627598728 0.4121628155
-3.665191429 4.534498411 0.695657502
-3.141592654 5.441398093 3.24702981
-2.617993878 6.348297775 0.695657502
-2.094395102 7.255197457 0.4121628155
-1.570796327 8.162097139 0.3135482641
-1.047197551 9.068996821 0.412157586
-0.5235987756 9.975896503 0.6956158511
-8.37758041 -4.836798305 0.6109968044
-7.853981634 -3.929898623 0.3247145253
-7.330382858 -3.02299894 0.2015794733
-6.806784083 -2.116099258 0.3247110161
-6.283185307 -1.209199576 0.6109524318
-5.759586532 -0.302299894 1.546010415
-5.235987756 0.6045997881 0.7461123304
-4.71238898 1.51149947 0.5083273588
-4.188790205 2.418399152 0.4479051392
-3.665191429 3.325298834 0.508337542
-3.141592654 4.232198517 0.7461460273
-2.617993878 5.139098199 1.546146094
-2.094395102 6.045997881 0.6109968044
-1.570796327 6.952897563 0.3247145253
-1.047197551 7.859797245 0.2015794733
-0.5235987756 8.766696927 0.3247110161
-8.881784197e-16 9.673596609 0.6109524318
-7.853981634 -5.139098199 0.5423306033
-7.330382858 -4.232198517 0.2615169984
-6.806784083 -3.325298834 0.09983540254
-6.283185307 -2.418399152 0.2615177633
-5.759586532 -1.51149947 0.5423088209
-5.235987756 -0.6045997881 1.017243088
-4.71238898 0.302299894 0.7522165999
-4.188790205 1.209199576 0.5940538563
-3.665191429 2.116099258 0.7012600659
-3.141592654 3.02299894 0.5940676392
-2.617993878 3.929898623 0.7522464776
-2.094395102 4.836798305 1.017332623
-1.570796327 5.743697987 0.5423306033
-1.047197551 6.650597669 0.2615169984
-0.5235987756 7.557497351 0.09983540254
-1.776356839e-15 8.464397033 0.2615177633
0.5235987756 9.371296715 0.5423088209
-7.330382858 -5.441398093 0.5178010924
-6.806784083 -4.534498411 0.2381044322
-6.283185307 -3.627598728 0.03747973555
-5.759586532 -2.720699046 0.2381044322
-5.235987756 -1.813799364 0.5178010924
-4.71238898 -0.9068996821 0.911659709
-4.188790205 -6.661338148e-16 0.7486385255
-3.665191429 0.9068996821 0.6316427002
-3.141592654 1.813799364 1.210851941
-2.617993878 2.720699046 0.6316427002
-2.094395102 3.627598728 0.7486385255
-1.570796327 4.534498411 0.911659709
-1.047197551 5.441398093 0.5178010924
-0.5235987756 6.348297775 0.2381044322
-1.33226763e-15 7.255197457 0.03747973555
0.5235987756 8.162097139 0.2381044322
1.047197551 9.068996821 0.5178010924
-6.806784083 -5.743697987 0.5423088209
-6.283185307 -4.836798305 0.2615177633
-5.759586532 -3.929898623 0.09983540254
-5.235987756 -3.02299894 0.2615169984
-4.71238898 -2.116099258 0.5423306033
-4.188790205 -1.209199576 1.017332623
-3.665191429 -0.302299894 0.7522464776
-3.141592654 0.6045997881 0.5940676392
-2.617993878 1.51149947 0.7012600659
-2.094395102 2.418399152 0.5940538563
-1.570796327 3.325298834 0.7522165999
-1.047197551 4.232198517 1.017243088
-0.5235987756 5.139098199 0.5423088209
-1.776356839e-15 6.045997881 0.2615177633
0.5235987756 6.952897563 0.09983540254
1.047197551 7.859797245 0.2615169984
1.570796327 8.766696927 0.5423306033
-6.283185307 -6.045997881 0.6109524318
-5.759586532 -5.139098199 0.3247110161
-5.235987756 -4.232198517 0.2015794733
-4.71238898 -3.325298834 0.3247145253
-4.188790205 -2.418399152 0.6109968044
-3.665191429 -1.51149947 1.546146094
-3.141592654 -0.6045997881 0.7461460273
-2.617993878 0.302299894 0.508337542
-2.094395102 1.209199576 0.4479051392
-1.570796327 2.116099258 0.5083273588
-1.047197551 3.02299894 0.7461123304
-0.5235987756 3.929898623 1.546010415
-1.776356839e-15 4.836798305 0.6109524318
0.5235987756 5.743697987 0.3247110161
1.047197551 6.650597669 0.2015794733
1.570796327 7.557497351 0.3247145253
2.094395102 8.464397033 0.6109968044
-5.759586532 -6.348297775 0.6956158511
-5.235987756 -5.441398093 0.412157586
-4.71238898 -4.534498411 0.3135482641
-4.188790205 -3.627598728 0.4121628155
-3.665191429 -2.720699046 0.695657502
-3.141592654 -1.813799364 3.24702981
-2.617993878 -0.9068996821 0.695657502
-2.094395102 -4.440892099e-16 0.4121628155
-1.570796327 0.9068996821 0.3135482641
-1.047197551 1.813799364 0.412157586
-0.5235987756 2.720699046 0.6956158511
-1.776356839e-15 3.627598728 3.246631764
0.5235987756 4.534498411 0.6956158511
1.047197551 5.441398093 0.412157586
1.570796327 6.348297775 0.3135482641
2.094395102 7.255197457 0.4121628155
2.617993878 8.162097139 0.695657502
-5.235987756 -6.650597669 0.7461123304
-4.71238898 -5.743697987 0.5083273588
-4.188790205 -4.836798305 0.4479051392
-3.665191429 -3.929898623 0.508337542
-3.141592654 -3.02299894 0.7461460273
-2.617993878 -2.116099258 1.546146094
-2.094395102 -1.209199576 0.6109968044
-1.570796327 -0.302299894 0.3247145253
-1.047197551 0.6045997881 0.2015794733
-0.5235987756 1.51149947 0.3247110161
-1.998401444e-15 2.418399152 0.6109524318
0.5235987756 3.325298834 1.546010415
1.047197551 4.232198517 0.7461123304
1.570796327 5.139098199 0.5083273588
2.094395102 6.045997881 0.4479051392
2.617993878 6.952897563 0.508337542
3.141592654 7.859797245 0.7461460273
-4.71238898 -6.952897563 0.7522165999
-4.188790205 -6.045997881 0.5940538563
-3.665191429 -5.139098199 0.7012600659
-3.141592654 -4.232198517 0.5940676392
-2.617993878 -3.325298834 0.7522464776
-2.094395102 -2.418399152 1.017332623
-1.570796327 -1.51149947 0.5423306033
-1.047197551 -0.6045997881 0.2615169984
-0.5235987756 0.302299894 0.09983540254
-1.998401444e-15 1.209199576 0.2615177633
0.5235987756 2.116099258 0.5423088209
1.047197551 3.02299894 1.017243088
1.570796327 3.929898623 0.7522165999
2.094395102 4.836798305 0.5940538563
2.617993878 5.743697987 0.7012600659
3.141592654 6.650597669 0.5940676392
3.665191429 7.557497351 0.7522464776
-4.188790205 -7.255197457 0.7486385255
-3.665191429 -6.348297775 0.6316427002
-3.141592654 -5.441398093 1.210851941
-2.617993878 -4.534498411 0.6316427002
-2.094395102 -3.627598728 0.7486385255
-1.570796327 -2.720699046 0.911659709
-1.047197551 -1.813799364 0.5178010924
-0.5235987756 -0.9068996821 0.2381044322
-2.012207695e-15 -3.766214946e-16 0.03747973555
0.5235987756 0.9068996821 0.2381044322
1.047197551 1.813799364 0.5178010924
1.570796327 2.720699046 0.911659709
2.094395102 3.627598728 0.7486385255
2.617993878 4.534498411 0.6316427002
3.141592654 5.441398093 1.210851941
3.665191429 6.348297775 0.6316427002
4.188790205 7.255197457 0.7486385255
-3.665191429 -7.557497351 0.7522464776
-3.141592654 -6.650597669 0.5940676392
-2.617993878 -5.743697987 0.7012600659
-2.094395102 -4.836798305 0.5940538563
-1.570796327 -3.929898623 0.7522165999
-1.047197551 -3.02299894 1.017243088
-0.5235987756 -2.116099258 0.5423088209
-2.109423747e-15 -1.209199576 0.2615177633
0.5235987756 -0.302299894 0.09983540254
1.047197551 0.6045997881 0.2615169984
1.570796327 1.51149947 0.5423306033
2.094395102 2.418399152 1.017332623
2.617993878 3.325298834 0.7522464776
3.141592654 4.232198517 0.5940676392
3.665191429 5.139098199 0.7012600659
4.188790205 6.045997881 0.5940538563
4.71238898 6.952897563 0.7522165999
-3.141592654 -7.859797245 0.7461460273
-2.617993878 -6.952897563 0.508337542
-2.094395102 -6.045997881 0.4479051392
-1.570796327 -5.139098199 0.5083273588
-1.047197551 -4.232198517 0.7461123304
-0.5235987756 -3.325298834 1.546010415
-2.220446049e-15 -2.418399152 0.6109524318
0.5235987756 -1.51149947 0.3247110161
1.047197551 -0.6045997881 0.2015794733
1.570796327 0.302299894 0.3247145253
2.094395102 1.209199576 0.6109968044
2.617993878 2.116099258 1.546146094
3.141592654 3.02299894 0.7461460273
3.665191429 3.929898623 0.508337542
4.188790205 4.836798305 0.4479051392
4.71238898 5.743697987 0.5083273588
5.235987756 6.650597669 0.7461123304
-2.617993878 -8.162097139 0.695657502
-2.094395102 -7.255197457 0.4121628155
-1.570796327 -6.348297775 0.3135482641
-1.047197551 -5.441398093 0.412157586
-0.5235987756 -4.534498411 0.6956158511
-2.220446049e-15 -3.627598728 3.246631764
0.5235987756 -2.720699046 0.6956158511
1.047197551 -1.813799364 0.412157586
1.570796327 -0.9068996821 0.3135482641
2.094395102 -3.330669074e-16 0.4121628155
2.617993878 0.9068996821 0.695657502
3.141592654 1.813799364 3.24702981
3.665191429 2.720699046 0.695657502
4.188790205 3.627598728 0.4121628155
4.71238898 4.534498411 0.3135482641
5.235987756 5.441398093 0.412157586
5.759586532 6.348297775 0.6956158511
-2.094395102 -8.464397033 0.6109968044
-1.570796327 -7.557497351 0.3247145253
-1.047197551 -6.650597669 0.2015794733
-0.5235987756 -5.743697987 0.3247110161
-2.220446049e-15 -4.836798305 0.6109524318
0.5235987756 -3.929898623 1.546010415
1.047197551 -3.02299894 0.7461123304
1.570796327 -2.116099258 0.5083273588
2.094395102 -1.209199576 0.4479051392
2.617993878 -0.302299894 0.508337542
3.141592654 0.6045997881 0.7461460273
3.665191429 1.51149947 1.546146094
4.188790205 2.418399152 0.6109968044
4.71238898 3.325298834 0.3247145253
5.235987756 4.232198517 0.2015794733
5.759586532 5.139098199 0.3247110161
6.283185307 6.045997881 0.6109524318
-1.570796327 -8.766696927 0.5423306033
-1.047197551 -7.859797245 0.2615169984
-0.5235987756 -6.952897563 0.09983540254
-2.220446049e-15 -6.045997881 0.2615177633
0.5235987756 -5.139098199 0.5423088209
1.047197551 -4.232198517 1.017243088
1.570796327 -3.325298834 0.7522165999
2.094395102 -2.418399152 0.5940538563
2.617993878 -1.51149947 0.7012600659
3.141592654 -0.6045997881 0.5940676392
3.665191429 0.302299894 0.7522464776
4.188790205 1.209199576 1.017332623
4.71238898 2.116099258 0.5423306033
5.235987756 3.02299894 0.2615169984
5.759586532 3.929898623 0.09983540254
6.283185307 4.836798305 0.2615177633
6.806784083 5.743697987 0.5423088209
-1.047197551 -9.068996821 0.5178010924
-0.5235987756 -8.162097139 0.2381044322
-2.664535259e-15 -7.255197457 0.03747973555
0.5235987756 -6.348297775 0.2381044322
1.047197551 -5.441398093 0.5178010924
1.570796327 -4.534498411 0.911659709
2.094395102 -3.627598728 0.7486385255
2.617993878 -2.720699046 0.6316427002
3.141592654 -1.813799364 1.210851941
3.665191429 -0.9068996821 0.6316427002
4.188790205 -2.220446049e-16 0.7486385255
4.71238898 0.9068996821 0.911659709
5.235987756 1.813799364 0.5178010924
5.759586532 2.720699046 0.2381044322
6.283185307 3.627598728 0.03747973555
6.806784083 4.534498411 0.2381044322
7.330382858 5.441398093 0.5178010924
-0.5235987756 -9.371296715 0.5423088209
-2.220446049e-15 -8.464397033 0.2615177633
0.5235987756 -7.557497351 0.09983540254
1.047197551 -6.650597669 0.2615169984
1.570796327 -5.743697987 0.5423306033
2.094395102 -4.836798305 1.017332623
2.617993878 -3.929898623 0.7522464776
3.141592654 -3.02299894 0.5940676392
3.665191429 -2.116099258 0.7012600659
4.188790205 -1.209199576 0.5940538563
4.71238898 -0.302299894 0.7522165999
5.235987756 0.6045997881 1.017243088
5.759586532 1.51149947 0.5423088209
6.283185307 2.418399152 0.2615177633
6.806784083 3.325298834 0.09983540254
7.330382858 4.232198517 0.2615169984
7.853981634 5.139098199 0.5423306033
-1.776356839e-15 -9.673596609 0.6109524318
0.5235987756 -8.766696927 0.3247110161
1.047197551 -7.859797245 0.2015794733
1.570796327 -6.952897563 0.3247145253
2.094395102 -6.045997881 0.6109968044
2.617993878 -5.139098199 1.546146094
3.141592654 -4.232198517 0.7461460273
3.665191429 -3.325298834 0.508337542
4.188790205 -2.418399152 0.4479051392
4.71238898 -1.51149947 0.5083273588
5.235987756 -0.6045997881 0.7461123304
5.759586532 0.302299894 1.546010415
6.283185307 1.209199576 0.6109524318
6.806784083 2.116099258 0.3247110161
7.330382858 3.02299894 0.2015794733
7.853981634 3.929898623 0.3247145253
8.37758041 4.836798305 0.6109968044
0.5235987756 -9.975896503 0.6956158511
1.047197551 -9.068996821 0.412157586
1.570796327 -8.162097139 0.3135482641
2.094395102 -7.255197457 0.4121628155
2.617993878 -6.348297775 0.695657502
3.141592654 -5.441398093 3.24702981
3.665191429 -4.534498411 0.695657502
4.188790205 -3.627598728 0.4121628155
4.71238898 -2.720699046 0.3135482641
5.235987756 -1.813799364 0.412157586
5.759586532 -0.9068996821 0.6956158511
6.283185307 -4.440892099e-16 3.246631764
6.806784083 0.9068996821 0.6956158511
7.330382858 1.813799364 0.412157586
7.853981634 2.720699046 0.3135482641
8.37758041 3.627598728 0.4121628155
8.901179185 4.534498411 0.695657502
1.047197551 -10.2781964 0.7461123304
1.570796327 -9.371296715 0.5083273588
2.094395102 -8.464397033 0.4479051392
2.617993878 -7.557497351 0.508337542
3.141592654 -6.650597669 0.7461460273
3.665191429 -5.743697987 1.546146094
4.188790205 -4.836798305 0.6109968044
4.71238898 -3.929898623 0.3247145253
5.235987756 -3.02299894 0.2015794733
5.759586532 -2.116099258 0.3247110161
6.283185307 -1.209199576 0.6109524318
6.806784083 -0.302299894 1.546010415
7.330382858 0.6045997881 0.7461123304
7.853981634 1.51149947 0.5083273588
8.37758041 2.418399152 0.4479051392
8.901179185 3.325298834 0.508337542
9.424777961 4.232198517 0.7461460273
1.570796327 -10.58049629 0.7522165999
2.094395102 -9.673596609 0.5940538563
2.617993878 -8.766696927 0.7012600659
3.141592654 -7.859797245 0.5940676392
3.665191429 -6.952897563 0.7522464776
4.188790205 -6.045997881 1.017332623
4.71238898 -5.139098199 0.5423306033
5.235987756 -4.232198517 0.2615169984
5.759586532 -3.325298834 0.09983540254
6.283185307 -2.418399152 0.2615177633
6.806784083 -1.51149947 0.5423088209
7.330382858 -0.6045997881 1.017243088
7.853981634 0.302299894 0.7522165999
8.37758041 1.209199576 0.5940538563
8.901179185 2.116099258 0.7012600659
9.424777961 3.02299894 0.5940676392
9.948376736 3.929898623 0.7522464776
2.094395102 -10.88279619 0.7486385255
2.617993878 -9.975896503 0.6316427002
3.141592654 -9.068996821 1.210851941
3.665191429 -8.162097139 0.6316427002
4.188790205 -7.255197457 0.7486385255
4.71238898 -6.348297775 0.911659709
5.235987756 -5.441398093 0.5178010924
5.759586532 -4.534498411 0.2381044322
6.283185307 -3.627598728 0.03747973555
6.806784083 -2.720699046 0.2381044322
7.330382858 -1.813799364 0.5178010924
7.853981634 -0.9068996821 0.911659709
8.37758041 -4.440892099e-16 0.7486385255
8.901179185 0.9068996821 0.6316427002
9.424777961 1.813799364 1.210851941
9.948376736 2.720699046 0.6316427002
10.47197551 3.627598728 0.7486385255
