-10.472 -3.6276 0.9236079106
-9.948376736 -2.720699046 0.6880079853
-9.424777961 -1.813799364 0.3405463656
-8.901179185 -0.9068996821 0.6880079853
-8.37758041 -4.440892099e-16 0.9236079106
-7.853981634 0.9068996821 1.266689025
-7.330382858 1.813799364 0.5310437634
-6.806784083 2.720699046 0.2311957871
-6.283185307 3.627598728 0.0192656326
-5.759586532 4.534498411 0.2311957871
-5.235987756 5.441398093 0.5310437634
-4.71238898 6.348297775 1.266689025
-4.188790205 7.255197457 0.9236079106
-3.665191429 8.162097139 0.6880079853
-3.141592654 9.068996821 0.3405463656
-2.617993878 9.975896503 0.6880079853
-2.094395102 10.88279619 0.9236079106
-9.948376736 -3.929898623 0.8956814437
-9.424777961 -3.02299894 0.618719342
-8.901179185 -2.116099258 0.3201950563
-8.37758041 -1.209199576 0.6187231054
-7.853981634 -0.302299894 0.8957064751
-7.330382858 0.6045997881 1.39367473
-6.806784083 1.51149947 0.5507476168
-6.283185307 2.418399152 0.2498105767
-5.759586532 3.325298834 0.05544197949
-5.235987756 4.232198517 0.2497998376
-4.71238898 5.139098199 0.5507400784
-4.188790205 6.045997881 1.393645007
-3.665191429 6.952897563 0.8956814437
-3.141592654 7.859797245 0.618719342
-2.617993878 8.766696927 0.3201950563
-2.094395102 9.673596609 0.6187231054
-1.570796327 10.58049629 0.8957064751
-9.424777961 -4.232198517 0.8157364965
-8.901179185 -3.325298834 0.4934369987
-8.37758041 -2.418399152 0.2692501212
-7.853981634 -1.51149947 0.4934490255
-7.330382858 -0.6045997881 0.8157870295
-6.806784083 0.302299894 1.81268446
-6.283185307 1.209199576 0.6105717415
-5.759586532 2.116099258 0.3027499293
-5.235987756 3.02299894 0.1248180292
-4.71238898 3.929898623 0.3027336365
-4.188790205 4.836798305 0.6105482925
-3.665191429 5.743697987 1.812563974
-3.141592654 6.650597669 0.8157364965
-2.617993878 7.557497351 0.4934369987
-2.094395102 8.464397033 0.2692501212
-1.570796327 9.371296715 0.4934490255
-1.047197551 10.2781964 0.8157870295
-8.901179185 -4.534498411 0.7070261361
-8.37758041 -3.627598728 0.3847409038
-7.853981634 -2.720699046 0.2011707449
-7.330382858 -1.813799364 0.3847583498
-6.806784083 -0.9068996821 0.7070700147
-6.283185307 -8.881784197e-16 2.202968208
-5.759586532 0.9068996821 0.7070700147
-5.235987756 1.813799364 0.3847583498
-4.71238898 2.720699046 0.2011707449
-4.188790205 3.627598728 0.3847409038
-3.665191429 4.534498411 0.7070261361
-3.141592654 5.441398093 2.202684991
-2.617993878 6.348297775 0.7070261361
-2.094395102 7.255197457 0.3847409038
-1.570796327 8.162097139 0.2011707449
-1.047197551 9.068996821 0.3847583498
-0.5235987756 9.975896503 0.7070700147
-8.37758041 -4.836798305 0.6105482925
-7.853981634 -3.929898623 0.3027336365
-7.330382858 -3.02299894 0.1248180292
-6.806784083 -2.116099258 0.3027499293
-6.283185307 -1.209199576 0.6105717415
-5.759586532 -0.302299894 1.81268446
-5.235987756 0.6045997881 0.8157870295
-4.71238898 1.51149947 0.4934490255
-4.188790205 2.418399152 0.2692501212
-3.665191429 3.325298834 0.4934369987
-3.141592654 4.232198517 0.8157364965
-2.617993878 5.139098199 1.812563974
-2.094395102 6.045997881 0.6105482925
-1.570796327 6.952897563 0.3027336365
-1.047197551 7.859797245 0.1248180292
-0.5235987756 8.766696927 0.3027499293
-8.881784197e-16 9.673596609 0.6105717415
-7.853981634 -5.139098199 0.5507400784
-7.330382858 -4.232198517 0.2497998376
-6.806784083 -3.325298834 0.05544197949
-6.283185307 -2.418399152 0.2498105767
-5.759586532 -1.51149947 0.5507476168
-5.235987756 -0.6045997881 1.39367473
-4.71238898 0.302299894 0.8957064751
-4.188790205 1.209199576 0.6187231054
-3.665191429 2.116099258 0.3201950563
-3.141592654 3.02299894 0.618719342
-2.617993878 3.929898623 0.8956814437
-2.094395102 4.836798305 1.393645007
-1.570796327 5.743697987 0.5507400784
-1.047197551 6.650597669 0.2497998376
-0.5235987756 7.557497351 0.05544197949
-1.776356839e-15 8.464397033 0.2498105767
0.5235987756 9.371296715 0.5507476168
-7.330382858 -5.441398093 0.5310437634
-6.806784083 -4.534498411 0.2311957871
-6.283185307 -3.627598728 0.0192656326
-5.759586532 -2.720699046 0.2311957871
-5.235987756 -1.813799364 0.5310437634
-4.71238898 -0.9068996821 1.266689025
-4.188790205 -6.661338148e-16 0.9236079106
-3.665191429 0.9068996821 0.6880079853
-3.141592654 1.813799364 0.3405463656
-2.617993878 2.720699046 0.6880079853
-2.094395102 3.627598728 0.9236079106
-1.570796327 4.534498411 1.266689025
-1.047197551 5.441398093 0.5310437634
-0.5235987756 6.348297775 0.2311957871
-1.33226763e-15 7.255197457 0.0192656326
0.5235987756 8.162097139 0.2311957871
1.047197551 9.068996821 0.5310437634
-6.806784083 -5.743697987 0.5507476168
-6.283185307 -4.836798305 0.2498105767
-5.759586532 -3.929898623 0.05544197949
-5.235987756 -3.02299894 0.2497998376
-4.71238898 -2.116099258 0.5507400784
-4.188790205 -1.209199576 1.393645007
-3.665191429 -0.302299894 0.8956814437
-3.141592654 0.6045997881 0.618719342
-2.617993878 1.51149947 0.3201950563
-2.094395102 2.418399152 0.6187231054
-1.570796327 3.325298834 0.8957064751
-1.047197551 4.232198517 1.39367473
-0.5235987756 5.139098199 0.5507476168
-1.776356839e-15 6.045997881 0.2498105767
0.5235987756 6.952897563 0.05544197949
1.047197551 7.859797245 0.2497998376
1.570796327 8.766696927 0.5507400784
-6.283185307 -6.045997881 0.6105717415
-5.759586532 -5.139098199 0.3027499293
-5.235987756 -4.232198517 0.1248180292
-4.71238898 -3.325298834 0.3027336365
-4.188790205 -2.418399152 0.6105482925
-3.665191429 -1.51149947 1.812563974
-3.141592654 -0.6045997881 0.8157364965
-2.617993878 0.302299894 0.4934369987
-2.094395102 1.209199576 0.2692501212
-1.570796327 2.116099258 0.4934490255
-1.047197551 3.02299894 0.8157870295
-0.5235987756 3.929898623 1.81268446
-1.776356839e-15 4.836798305 0.6105717415
0.5235987756 5.743697987 0.3027499293
1.047197551 6.650597669 0.1248180292
1.570796327 7.557497351 0.3027336365
2.094395102 8.464397033 0.6105482925
-5.759586532 -6.348297775 0.7070700147
-5.235987756 -5.441398093 0.3847583498
-4.71238898 -4.534498411 0.2011707449
-4.188790205 -3.627598728 0.3847409038
-3.665191429 -2.720699046 0.7070261361
-3.141592654 -1.813799364 2.202684991
-2.617993878 -0.9068996821 0.7070261361
-2.094395102 -4.440892099e-16 0.3847409038
-1.570796327 0.9068996821 0.2011707449
-1.047197551 1.813799364 0.3847583498
-0.5235987756 2.720699046 0.7070700147
-1.776356839e-15 3.627598728 2.202968208
0.5235987756 4.534498411 0.7070700147
1.047197551 5.441398093 0.3847583498
1.570796327 6.348297775 0.2011707449
2.094395102 7.255197457 0.3847409038
2.617993878 8.162097139 0.7070261361
-5.235987756 -6.650597669 0.8157870295
-4.71238898 -5.743697987 0.4934490255
-4.188790205 -4.836798305 0.2692501212
-3.665191429 -3.929898623 0.4934369987
-3.141592654 -3.02299894 0.8157364965
-2.617993878 -2.116099258 1.812563974
-2.094395102 -1.209199576 0.6105482925
-1.570796327 -0.302299894 0.3027336365
-1.047197551 0.6045997881 0.1248180292
-0.5235987756 1.51149947 0.3027499293
-1.998401444e-15 2.418399152 0.6105717415
0.5235987756 3.325298834 1.81268446
1.047197551 4.232198517 0.8157870295
1.570796327 5.139098199 0.4934490255
2.094395102 6.045997881 0.2692501212
2.617993878 6.952897563 0.4934369987
3.141592654 7.859797245 0.8157364965
-4.71238898 -6.952897563 0.8957064751
-4.188790205 -6.045997881 0.6187231054
-3.665191429 -5.139098199 0.3201950563
-3.141592654 -4.232198517 0.618719342
-2.617993878 -3.325298834 0.8956814437
-2.094395102 -2.418399152 1.393645007
-1.570796327 -1.51149947 0.5507400784
-1.047197551 -0.6045997881 0.2497998376
-0.5235987756 0.302299894 0.05544197949
-1.998401444e-15 1.209199576 0.2498105767
0.5235987756 2.116099258 0.5507476168
1.047197551 3.02299894 1.39367473
1.570796327 3.929898623 0.8957064751
2.094395102 4.836798305 0.6187231054
2.617993878 5.743697987 0.3201950563
3.141592654 6.650597669 0.618719342
3.665191429 7.557497351 0.8956814437
-4.188790205 -7.255197457 0.9236079106
-3.665191429 -6.348297775 0.6880079853
-3.141592654 -5.441398093 0.3405463656
-2.617993878 -4.534498411 0.6880079853
-2.094395102 -3.627598728 0.9236079106
-1.570796327 -2.720699046 1.266689025
-1.047197551 -1.813799364 0.5310437634
-0.5235987756 -0.9068996821 0.2311957871
-2.012207695e-15 -3.766214946e-16 0.0192656326
0.5235987756 0.9068996821 0.2311957871
1.047197551 1.813799364 0.5310437634
1.570796327 2.720699046 1.266689025
2.094395102 3.627598728 0.9236079106
2.617993878 4.534498411 0.6880079853
3.141592654 5.441398093 0.3405463656
3.665191429 6.348297775 0.6880079853
4.188790205 7.255197457 0.9236079106
-3.665191429 -7.557497351 0.8956814437
-3.141592654 -6.650597669 0.618719342
-2.617993878 -5.743697987 0.3201950563
-2.094395102 -4.836798305 0.6187231054
-1.570796327 -3.929898623 0.8957064751
-1.047197551 -3.02299894 1.39367473
-0.5235987756 -2.116099258 0.5507476168
-2.109423747e-15 -1.209199576 0.2498105767
0.5235987756 -0.302299894 0.05544197949
1.047197551 0.6045997881 0.2497998376
1.570796327 1.51149947 0.5507400784
2.094395102 2.418399152 1.393645007
2.617993878 3.325298834 0.8956814437
3.141592654 4.232198517 0.618719342
3.665191429 5.139098199 0.3201950563
4.188790205 6.045997881 0.6187231054
4.71238898 6.952897563 0.8957064751
-3.141592654 -7.859797245 0.8157364965
-2.617993878 -6.952897563 0.4934369987
-2.094395102 -6.045997881 0.2692501212
-1.570796327 -5.139098199 0.4934490255
-1.047197551 -4.232198517 0.8157870295
-0.5235987756 -3.325298834 1.81268446
-2.220446049e-15 -2.418399152 0.6105717415
0.5235987756 -1.51149947 0.3027499293
1.047197551 -0.6045997881 0.1248180292
1.570796327 0.302299894 0.3027336365
2.094395102 1.209199576 0.6105482925
2.617993878 2.116099258 1.812563974
3.141592654 3.02299894 0.8157364965
3.665191429 3.929898623 0.4934369987
4.188790205 4.836798305 0.2692501212
4.71238898 5.743697987 0.4934490255
5.235987756 6.650597669 0.8157870295
-2.617993878 -8.162097139 0.7070261361
-2.094395102 -7.255197457 0.3847409038
-1.570796327 -6.348297775 0.2011707449
-1.047197551 -5.441398093 0.3847583498
-0.5235987756 -4.534498411 0.7070700147
-2.220446049e-15 -3.627598728 2.202968208
0.5235987756 -2.720699046 0.7070700147
1.047197551 -1.813799364 0.3847583498
1.570796327 -0.9068996821 0.2011707449
2.094395102 -3.330669074e-16 0.3847409038
2.617993878 0.9068996821 0.7070261361
3.141592654 1.813799364 2.202684991
3.665191429 2.720699046 0.7070261361
4.188790205 3.627598728 0.3847409038
4.71238898 4.534498411 0.2011707449
5.235987756 5.441398093 0.3847583498
5.759586532 6.348297775 0.7070700147
-2.094395102 -8.464397033 0.6105482925
-1.570796327 -7.557497351 0.3027336365
-1.047197551 -6.650597669 0.1248180292
-0.5235987756 -5.743697987 0.3027499293
-2.220446049e-15 -4.836798305 0.6105717415
0.5235987756 -3.929898623 1.81268446
1.047197551 -3.02299894 0.8157870295
1.570796327 -2.116099258 0.4934490255
2.094395102 -1.209199576 0.2692501212
2.617993878 -0.302299894 0.4934369987
3.141592654 0.6045997881 0.8157364965
3.665191429 1.51149947 1.812563974
4.188790205 2.418399152 0.6105482925
4.71238898 3.325298834 0.3027336365
5.235987756 4.232198517 0.1248180292
5.759586532 5.139098199 0.3027499293
6.283185307 6.045997881 0.6105717415
-1.570796327 -8.766696927 0.5507400784
-1.047197551 -7.859797245 0.2497998376
-0.5235987756 -6.952897563 0.05544197949
-2.220446049e-15 -6.045997881 0.2498105767
0.5235987756 -5.139098199 0.5507476168
1.047197551 -4.232198517 1.39367473
1.570796327 -3.325298834 0.8957064751
2.094395102 -2.418399152 0.6187231054
2.617993878 -1.51149947 0.3201950563
3.141592654 -0.6045997881 0.618719342
3.665191429 0.302299894 0.8956814437
4.188790205 1.209199576 1.393645007
4.71238898 2.116099258 0.5507400784
5.235987756 3.02299894 0.2497998376
5.759586532 3.929898623 0.05544197949
6.283185307 4.836798305 0.2498105767
6.806784083 5.743697987 0.5507476168
-1.047197551 -9.068996821 0.5310437634
-0.5235987756 -8.162097139 0.2311957871
-2.664535259e-15 -7.255197457 0.0192656326
0.5235987756 -6.348297775 0.2311957871
1.047197551 -5.441398093 0.5310437634
1.570796327 -4.534498411 1.266689025
2.094395102 -3.627598728 0.9236079106
2.617993878 -2.720699046 0.6880079853
3.141592654 -1.813799364 0.3405463656
3.665191429 -0.9068996821 0.6880079853
4.188790205 -2.220446049e-16 0.9236079106
4.71238898 0.9068996821 1.266689025
5.235987756 1.813799364 0.5310437634
5.759586532 2.720699046 0.2311957871
6.283185307 3.627598728 0.0192656326
6.806784083 4.534498411 0.2311957871
7.330382858 5.441398093 0.5310437634
-0.5235987756 -9.371296715 0.5507476168
-2.220446049e-15 -8.464397033 0.2498105767
0.5235987756 -7.557497351 0.05544197949
1.047197551 -6.650597669 0.2497998376
1.570796327 -5.743697987 0.5507400784
2.094395102 -4.836798305 1.393645007
2.617993878 -3.929898623 0.8956814437
3.141592654 -3.02299894 0.618719342
3.665191429 -2.116099258 0.3201950563
4.188790205 -1.209199576 0.6187231054
4.71238898 -0.302299894 0.8957064751
5.235987756 0.6045997881 1.39367473
5.759586532 1.51149947 0.5507476168
6.283185307 2.418399152 0.2498105767
6.806784083 3.325298834 0.05544197949
7.330382858 4.232198517 0.2497998376
7.853981634 5.139098199 0.5507400784
-1.776356839e-15 -9.673596609 0.6105717415
0.5235987756 -8.766696927 0.3027499293
1.047197551 -7.859797245 0.1248180292
1.570796327 -6.952897563 0.3027336365
2.094395102 -6.045997881 0.6105482925
2.617993878 -5.139098199 1.812563974
3.141592654 -4.232198517 0.8157364965
3.665191429 -3.325298834 0.4934369987
4.188790205 -2.418399152 0.2692501212
4.71238898 -1.51149947 0.4934490255
5.235987756 -0.6045997881 0.8157870295
5.759586532 0.302299894 1.81268446
6.283185307 1.209199576 0.6105717415
6.806784083 2.116099258 0.3027499293
7.330382858 3.02299894 0.1248180292
7.853981634 3.929898623 0.3027336365
8.37758041 4.836798305 0.6105482925
0.5235987756 -9.975896503 0.7070700147
1.047197551 -9.068996821 0.3847583498
1.570796327 -8.162097139 0.2011707449
2.094395102 -7.255197457 0.3847409038
2.617993878 -6.348297775 0.7070261361
3.141592654 -5.441398093 2.202684991
3.665191429 -4.534498411 0.7070261361
4.188790205 -3.627598728 0.3847409038
4.71238898 -2.720699046 0.2011707449
5.235987756 -1.813799364 0.3847583498
5.759586532 -0.9068996821 0.7070700147
6.283185307 -4.440892099e-16 2.202968208
6.806784083 0.9068996821 0.7070700147
7.330382858 1.813799364 0.3847583498
7.853981634 2.720699046 0.2011707449
8.37758041 3.627598728 0.3847409038
8.901179185 4.534498411 0.7070261361
1.047197551 -10.2781964 0.8157870295
1.570796327 -9.371296715 0.4934490255
2.094395102 -8.464397033 0.2692501212
2.617993878 -7.557497351 0.4934369987
3.141592654 -6.650597669 0.8157364965
3.665191429 -5.743697987 1.812563974
4.188790205 -4.836798305 0.6105482925
4.71238898 -3.929898623 0.3027336365
5.235987756 -3.02299894 0.1248180292
5.759586532 -2.116099258 0.3027499293
6.283185307 -1.209199576 0.6105717415
6.806784083 -0.302299894 1.81268446
7.330382858 0.6045997881 0.8157870295
7.853981634 1.51149947 0.4934490255
8.37758041 2.418399152 0.2692501212
8.901179185 3.325298834 0.4934369987
9.424777961 4.232198517 0.8157364965
1.570796327 -10.58049629 0.8957064751
2.094395102 -9.673596609 0.6187231054
2.617993878 -8.766696927 0.3201950563
3.141592654 -7.859797245 0.618719342
3.665191429 -6.952897563 0.8956814437
4.188790205 -6.045997881 1.393645007
4.71238898 -5.139098199 0.5507400784
5.235987756 -4.232198517 0.2497998376
5.759586532 -3.325298834 0.05544197949
6.283185307 -2.418399152 0.2498105767
6.806784083 -1.51149947 0.5507476168
7.330382858 -0.6045997881 1.39367473
7.853981634 0.302299894 0.8957064751
8.37758041 1.209199576 0.6187231054
8.901179185 2.116099258 0.3201950563
9.424777961 3.02299894 0.618719342
9.948376736 3.929898623 0.8956814437
2.094395102 -10.88279619 0.9236079106
2.617993878 -9.975896503 0.6880079853
3.141592654 -9.068996821 0.3405463656
3.665191429 -8.162097139 0.6880079853
4.188790205 -7.255197457 0.9236079106
4.71238898 -6.348297775 1.266689025
5.235987756 -5.441398093 0.5310437634
5.759586532 -4.534498411 0.2311957871
6.283185307 -3.627598728 0.0192656326
6.806784083 -2.720699046 0.2311957871
7.330382858 -1.813799364 0.5310437634
7.853981634 -0.9068996821 1.266689025
8.37758041 -4.440892099e-16 0.9236079106
8.901179185 0.9068996821 0.6880079853
9.424777961 1.813799364 0.3405463656
9.948376736 2.720699046 0.6880079853
10.47197551 3.627598728 0.9236079106
