-10.472 -3.6276 3.213552267
-9.948376736 -2.720699046 0.8798518807
-9.424777961 -1.813799364 0.7306977041
-8.901179185 -0.9068996821 0.8798518807
-8.37758041 -4.440892099e-16 3.213552267
-7.853981634 0.9068996821 0.8263293946
-7.330382858 1.813799364 0.4515811818
-6.806784083 2.720699046 0.2010144756
-6.283185307 3.627598728 0.03956561088
-5.759586532 4.534498411 0.2010144756
-5.235987756 5.441398093 0.4515811818
-4.71238898 6.348297775 0.8263293946
-4.188790205 7.255197457 3.213552267
-3.665191429 8.162097139 0.8798518807
-3.141592654 9.068996821 0.7306977041
-2.617993878 9.975896503 0.8798518807
-2.094395102 10.88279619 3.213552267
-9.948376736 -3.929898623 1.478845765
-9.424777961 -3.02299894 0.7726333678
-8.901179185 -2.116099258 0.6559529165
-8.37758041 -1.209199576 0.7726281734
-7.853981634 -0.302299894 1.479261681
-7.330382858 0.6045997881 0.8203885011
-6.806784083 1.51149947 0.4761912575
-6.283185307 2.418399152 0.2300722832
-5.759586532 3.325298834 0.1056191324
-5.235987756 4.232198517 0.2300540203
-4.71238898 5.139098199 0.476186336
-4.188790205 6.045997881 0.8203617486
-3.665191429 6.952897563 1.478845765
-3.141592654 7.859797245 0.7726333678
-2.617993878 8.766696927 0.6559529165
-2.094395102 9.673596609 0.7726281734
-1.570796327 10.58049629 1.479261681
-9.424777961 -4.232198517 0.8850646845
-8.901179185 -3.325298834 0.5813415636
-8.37758041 -2.418399152 0.5005444449
-7.853981634 -1.51149947 0.5813258266
-7.330382858 -0.6045997881 0.8851124849
-6.806784083 0.302299894 0.8222814684
-6.283185307 1.209199576 0.549143419
-5.759586532 2.116099258 0.3079169127
-5.235987756 3.02299894 0.2160021212
-4.71238898 3.929898623 0.3078902675
-4.188790205 4.836798305 0.54911892
-3.665191429 5.743697987 0.8222101888
-3.141592654 6.650597669 0.8850646846
-2.617993878 7.557497351 0.5813415636
-2.094395102 8.464397033 0.5005444449
-1.570796327 9.371296715 0.5813258266
-1.047197551 10.2781964 0.8851124849
-8.901179185 -4.534498411 0.6713636612
-8.37758041 -3.627598728 0.4236880802
-7.853981634 -2.720699046 0.3468308912
-7.330382858 -1.813799364 0.4236928063
-6.806784083 -0.9068996821 0.6713948135
-6.283185307 -8.881784197e-16 0.8308704191
-5.759586532 0.9068996821 0.6713948135
-5.235987756 1.813799364 0.4236928063
-4.71238898 2.720699046 0.3468308912
-4.188790205 3.627598728 0.4236880802
-3.665191429 4.534498411 0.6713636612
-3.141592654 5.441398093 0.830763292
-2.617993878 6.348297775 0.6713636612
-2.094395102 7.255197457 0.4236880802
-1.570796327 8.162097139 0.3468308912
-1.047197551 9.068996821 0.4236928063
-0.5235987756 9.975896503 0.6713948135
-8.37758041 -4.836798305 0.54911892
-7.853981634 -3.929898623 0.3078902675
-7.330382858 -3.02299894 0.2160021212
-6.806784083 -2.116099258 0.3079169127
-6.283185307 -1.209199576 0.549143419
-5.759586532 -0.302299894 0.8222814684
-5.235987756 0.6045997881 0.8851124849
-4.71238898 1.51149947 0.5813258266
-4.188790205 2.418399152 0.5005444449
-3.665191429 3.325298834 0.5813415636
-3.141592654 4.232198517 0.8850646845
-2.617993878 5.139098199 0.8222101888
-2.094395102 6.045997881 0.54911892
-1.570796327 6.952897563 0.3078902675
-1.047197551 7.859797245 0.2160021212
-0.5235987756 8.766696927 0.3079169127
-8.881784197e-16 9.673596609 0.549143419
-7.853981634 -5.139098199 0.476186336
-7.330382858 -4.232198517 0.2300540203
-6.806784083 -3.325298834 0.1056191324
-6.283185307 -2.418399152 0.2300722832
-5.759586532 -1.51149947 0.4761912575
-5.235987756 -0.6045997881 0.8203885011
-4.71238898 0.302299894 1.479261681
-4.188790205 1.209199576 0.7726281734
-3.665191429 2.116099258 0.6559529165
-3.141592654 3.02299894 0.7726333678
-2.617993878 3.929898623 1.478845765
-2.094395102 4.836798305 0.8203617486
-1.570796327 5.743697987 0.476186336
-1.047197551 6.650597669 0.2300540203
-0.5235987756 7.557497351 0.1056191324
-1.776356839e-15 8.464397033 0.2300722832
0.5235987756 9.371296715 0.4761912575
-7.330382858 -5.441398093 0.4515811818
-6.806784083 -4.534498411 0.2010144756
-6.283185307 -3.627598728 0.03956561088
-5.759586532 -2.720699046 0.2010144756
-5.235987756 -1.813799364 0.4515811818
-4.71238898 -0.9068996821 0.8263293946
-4.188790205 -6.661338148e-16 3.213552267
-3.665191429 0.9068996821 0.8798518807
-3.141592654 1.813799364 0.7306977041
-2.617993878 2.720699046 0.8798518807
-2.094395102 3.627598728 3.213552267
-1.570796327 4.534498411 0.8263293946
-1.047197551 5.441398093 0.4515811818
-0.5235987756 6.348297775 0.2010144756
-1.33226763e-15 7.255197457 0.03956561088
0.5235987756 8.162097139 0.2010144756
1.047197551 9.068996821 0.4515811818
-6.806784083 -5.743697987 0.4761912575
-6.283185307 -4.836798305 0.2300722832
-5.759586532 -3.929898623 0.1056191324
-5.235987756 -3.02299894 0.2300540203
-4.71238898 -2.116099258 0.476186336
-4.188790205 -1.209199576 0.8203617486
-3.665191429 -0.302299894 1.478845765
-3.141592654 0.6045997881 0.7726333678
-2.617993878 1.51149947 0.6559529165
-2.094395102 2.418399152 0.7726281734
-1.570796327 3.325298834 1.479261681
-1.047197551 4.232198517 0.8203885011
-0.5235987756 5.139098199 0.4761912575
-1.776356839e-15 6.045997881 0.2300722832
0.5235987756 6.952897563 0.1056191324
1.047197551 7.859797245 0.2300540203
1.570796327 8.766696927 0.476186336
-6.283185307 -6.045997881 0.549143419
-5.759586532 -5.139098199 0.3079169127
-5.235987756 -4.232198517 0.2160021212
-4.71238898 -3.325298834 0.3078902675
-4.188790205 -2.418399152 0.54911892
-3.665191429 -1.51149947 0.8222101888
-3.141592654 -0.6045997881 0.8850646846
-2.617993878 0.302299894 0.5813415636
-2.094395102 1.209199576 0.5005444449
-1.570796327 2.116099258 0.5813258266
-1.047197551 3.02299894 0.8851124849
-0.5235987756 3.929898623 0.8222814684
-1.776356839e-15 4.836798305 0.5491434189
0.5235987756 5.743697987 0.3079169127
1.047197551 6.650597669 0.2160021212
1.570796327 7.557497351 0.3078902675
2.094395102 8.464397033 0.54911892
-5.759586532 -6.348297775 0.6713948135
-5.235987756 -5.441398093 0.4236928063
-4.71238898 -4.534498411 0.3468308912
-4.188790205 -3.627598728 0.4236880802
-3.665191429 -2.720699046 0.6713636612
-3.141592654 -1.813799364 0.830763292
-2.617993878 -0.9068996821 0.6713636612
-2.094395102 -4.440892099e-16 0.4236880802
-1.570796327 0.9068996821 0.3468308912
-1.047197551 1.813799364 0.4236928063
-0.5235987756 2.720699046 0.6713948135
-1.776356839e-15 3.627598728 0.8308704191
0.5235987756 4.534498411 0.6713948135
1.047197551 5.441398093 0.4236928063
1.570796327 6.348297775 0.3468308912
2.094395102 7.255197457 0.4236880802
2.617993878 8.162097139 0.6713636612
-5.235987756 -6.650597669 0.8851124849
-4.71238898 -5.743697987 0.5813258266
-4.188790205 -4.836798305 0.5005444449
-3.665191429 -3.929898623 0.5813415636
-3.141592654 -3.02299894 0.8850646845
-2.617993878 -2.116099258 0.8222101888
-2.094395102 -1.209199576 0.54911892
-1.570796327 -0.302299894 0.3078902675
-1.047197551 0.6045997881 0.2160021212
-0.5235987756 1.51149947 0.3079169127
-1.998401444e-15 2.418399152 0.549143419
0.5235987756 3.325298834 0.8222814684
1.047197551 4.232198517 0.8851124849
1.570796327 5.139098199 0.5813258266
2.094395102 6.045997881 0.5005444449
2.617993878 6.952897563 0.5813415636
3.141592654 7.859797245 0.8850646845
-4.71238898 -6.952897563 1.479261681
-4.188790205 -6.045997881 0.7726281734
-3.665191429 -5.139098199 0.6559529165
-3.141592654 -4.232198517 0.7726333678
-2.617993878 -3.325298834 1.478845765
-2.094395102 -2.418399152 0.8203617486
-1.570796327 -1.51149947 0.476186336
-1.047197551 -0.6045997881 0.2300540203
-0.5235987756 0.302299894 0.1056191324
-1.998401444e-15 1.209199576 0.2300722832
0.5235987756 2.116099258 0.4761912575
1.047197551 3.02299894 0.8203885011
1.570796327 3.929898623 1.479261681
2.094395102 4.836798305 0.7726281734
2.617993878 5.743697987 0.6559529165
3.141592654 6.650597669 0.7726333678
3.665191429 7.557497351 1.478845765
-4.188790205 -7.255197457 3.213552267
-3.665191429 -6.348297775 0.8798518807
-3.141592654 -5.441398093 0.7306977041
-2.617993878 -4.534498411 0.8798518807
-2.094395102 -3.627598728 3.213552267
-1.570796327 -2.720699046 0.8263293946
-1.047197551 -1.813799364 0.4515811818
-0.5235987756 -0.9068996821 0.2010144756
-2.012207695e-15 -3.766214946e-16 0.03956561088
0.5235987756 0.9068996821 0.2010144756
1.047197551 1.813799364 0.4515811818
1.570796327 2.720699046 0.8263293946
2.094395102 3.627598728 3.213552267
2.617993878 4.534498411 0.8798518807
3.141592654 5.441398093 0.7306977041
3.665191429 6.348297775 0.8798518807
4.188790205 7.255197457 3.213552267
-3.665191429 -7.557497351 1.478845765
-3.141592654 -6.650597669 0.7726333678
-2.617993878 -5.743697987 0.6559529165
-2.094395102 -4.836798305 0.7726281734
-1.570796327 -3.929898623 1.479261681
-1.047197551 -3.02299894 0.8203885011
-0.5235987756 -2.116099258 0.4761912575
-2.109423747e-15 -1.209199576 0.2300722832
0.5235987756 -0.302299894 0.1056191324
1.047197551 0.6045997881 0.2300540203
1.570796327 1.51149947 0.476186336
2.094395102 2.418399152 0.8203617486
2.617993878 3.325298834 1.478845765
3.141592654 4.232198517 0.7726333678
3.665191429 5.139098199 0.6559529165
4.188790205 6.045997881 0.7726281734
4.71238898 6.952897563 1.479261681
-3.141592654 -7.859797245 0.8850646846
-2.617993878 -6.952897563 0.5813415636
-2.094395102 -6.045997881 0.5005444449
-1.570796327 -5.139098199 0.5813258266
-1.047197551 -4.232198517 0.8851124849
-0.5235987756 -3.325298834 0.8222814684
-2.220446049e-15 -2.418399152 0.549143419
0.5235987756 -1.51149947 0.3079169127
1.047197551 -0.6045997881 0.2160021212
1.570796327 0.302299894 0.3078902675
2.094395102 1.209199576 0.54911892
2.617993878 2.116099258 0.8222101888
3.141592654 3.02299894 0.8850646846
3.665191429 3.929898623 0.5813415636
4.188790205 4.836798305 0.5005444449
4.71238898 5.743697987 0.5813258266
5.235987756 6.650597669 0.8851124849
-2.617993878 -8.162097139 0.6713636612
-2.094395102 -7.255197457 0.4236880802
-1.570796327 -6.348297775 0.3468308912
-1.047197551 -5.441398093 0.4236928063
-0.5235987756 -4.534498411 0.6713948135
-2.220446049e-15 -3.627598728 0.8308704191
0.5235987756 -2.720699046 0.6713948135
1.047197551 -1.813799364 0.4236928063
1.570796327 -0.9068996821 0.3468308912
2.094395102 -3.330669074e-16 0.4236880802
2.617993878 0.9068996821 0.6713636612
3.141592654 1.813799364 0.830763292
3.665191429 2.720699046 0.6713636612
4.188790205 3.627598728 0.4236880802
4.71238898 4.534498411 0.3468308912
5.235987756 5.441398093 0.4236928063
5.759586532 6.348297775 0.6713948135
-2.094395102 -8.464397033 0.54911892
-1.570796327 -7.557497351 0.3078902675
-1.047197551 -6.650597669 0.2160021212
-0.5235987756 -5.743697987 0.3079169127
-2.220446049e-15 -4.836798305 0.549143419
0.5235987756 -3.929898623 0.8222814684
1.047197551 -3.02299894 0.8851124849
1.570796327 -2.116099258 0.5813258266
2.094395102 -1.209199576 0.5005444449
2.617993878 -0.302299894 0.5813415636
3.141592654 0.6045997881 0.8850646845
3.665191429 1.51149947 0.8222101888
4.188790205 2.418399152 0.54911892
4.71238898 3.325298834 0.3078902675
5.235987756 4.232198517 0.2160021212
5.759586532 5.139098199 0.3079169127
6.283185307 6.045997881 0.549143419
-1.570796327 -8.766696927 0.476186336
-1.047197551 -7.859797245 0.2300540203
-0.5235987756 -6.952897563 0.1056191324
-2.220446049e-15 -6.045997881 0.2300722832
0.5235987756 -5.139098199 0.4761912575
1.047197551 -4.232198517 0.8203885011
1.570796327 -3.325298834 1.479261681
2.094395102 -2.418399152 0.7726281734
2.617993878 -1.51149947 0.6559529165
3.141592654 -0.6045997881 0.7726333678
3.665191429 0.302299894 1.478845765
4.188790205 1.209199576 0.8203617486
4.71238898 2.116099258 0.476186336
5.235987756 3.02299894 0.2300540203
5.759586532 3.929898623 0.1056191324
6.283185307 4.836798305 0.2300722832
6.806784083 5.743697987 0.4761912575
-1.047197551 -9.068996821 0.4515811818
-0.5235987756 -8.162097139 0.2010144756
-2.664535259e-15 -7.255197457 0.03956561088
0.5235987756 -6.348297775 0.2010144756
1.047197551 -5.441398093 0.4515811818
1.570796327 -4.534498411 0.8263293946
2.094395102 -3.627598728 3.213552267
2.617993878 -2.720699046 0.8798518807
3.141592654 -1.813799364 0.7306977041
3.665191429 -0.9068996821 0.8798518807
4.188790205 -2.220446049e-16 3.213552267
4.71238898 0.9068996821 0.8263293946
5.235987756 1.813799364 0.4515811818
5.759586532 2.720699046 0.2010144756
6.283185307 3.627598728 0.03956561088
6.806784083 4.534498411 0.2010144756
7.330382858 5.441398093 0.4515811818
-0.5235987756 -9.371296715 0.4761912575
-2.220446049e-15 -8.464397033 0.2300722832
0.5235987756 -7.557497351 0.1056191324
1.047197551 -6.650597669 0.2300540203
1.570796327 -5.743697987 0.476186336
2.094395102 -4.836798305 0.8203617486
2.617993878 -3.929898623 1.478845765
3.141592654 -3.02299894 0.7726333678
3.665191429 -2.116099258 0.6559529165
4.188790205 -1.209199576 0.7726281734
4.71238898 -0.302299894 1.479261681
5.235987756 0.6045997881 0.8203885011
5.759586532 1.51149947 0.4761912575
6.283185307 2.418399152 0.2300722832
6.806784083 3.325298834 0.1056191324
7.330382858 4.232198517 0.2300540203
7.853981634 5.139098199 0.476186336
-1.776356839e-15 -9.673596609 0.5491434189
0.5235987756 -8.766696927 0.3079169127
1.047197551 -7.859797245 0.2160021212
1.570796327 -6.952897563 0.3078902675
2.094395102 -6.045997881 0.54911892
2.617993878 -5.139098199 0.8222101888
3.141592654 -4.232198517 0.8850646846
3.665191429 -3.325298834 0.5813415636
4.188790205 -2.418399152 0.5005444449
4.71238898 -1.51149947 0.5813258266
5.235987756 -0.6045997881 0.8851124849
5.759586532 0.302299894 0.8222814684
6.283185307 1.209199576 0.5491434189
6.806784083 2.116099258 0.3079169127
7.330382858 3.02299894 0.2160021212
7.853981634 3.929898623 0.3078902675
8.37758041 4.836798305 0.5491189199
0.5235987756 -9.975896503 0.6713948135
1.047197551 -9.068996821 0.4236928063
1.570796327 -8.162097139 0.3468308912
2.094395102 -7.255197457 0.4236880802
2.617993878 -6.348297775 0.6713636612
3.141592654 -5.441398093 0.830763292
3.665191429 -4.534498411 0.6713636612
4.188790205 -3.627598728 0.4236880802
4.71238898 -2.720699046 0.3468308912
5.235987756 -1.813799364 0.4236928063
5.759586532 -0.9068996821 0.6713948135
6.283185307 -4.440892099e-16 0.8308704191
6.806784083 0.9068996821 0.6713948135
7.330382858 1.813799364 0.4236928063
7.853981634 2.720699046 0.3468308912
8.37758041 3.627598728 0.4236880802
8.901179185 4.534498411 0.6713636612
1.047197551 -10.2781964 0.8851124849
1.570796327 -9.371296715 0.5813258266
2.094395102 -8.464397033 0.5005444449
2.617993878 -7.557497351 0.5813415636
3.141592654 -6.650597669 0.8850646845
3.665191429 -5.743697987 0.8222101888
4.188790205 -4.836798305 0.54911892
4.71238898 -3.929898623 0.3078902675
5.235987756 -3.02299894 0.2160021212
5.759586532 -2.116099258 0.3079169127
6.283185307 -1.209199576 0.549143419
6.806784083 -0.302299894 0.8222814684
7.330382858 0.6045997881 0.8851124849
7.853981634 1.51149947 0.5813258266
8.37758041 2.418399152 0.5005444449
8.901179185 3.325298834 0.5813415636
9.424777961 4.232198517 0.8850646845
1.570796327 -10.58049629 1.479261681
2.094395102 -9.673596609 0.7726281734
2.617993878 -8.766696927 0.6559529165
3.141592654 -7.859797245 0.7726333678
3.665191429 -6.952897563 1.478845765
4.188790205 -6.045997881 0.8203617486
4.71238898 -5.139098199 0.476186336
5.235987756 -4.232198517 0.2300540203
5.759586532 -3.325298834 0.1056191324
6.283185307 -2.418399152 0.2300722832
6.806784083 -1.51149947 0.4761912575
7.330382858 -0.6045997881 0.8203885011
7.853981634 0.302299894 1.479261681
8.37758041 1.209199576 0.7726281734
8.901179185 2.116099258 0.6559529165
9.424777961 3.02299894 0.7726333678
9.948376736 3.929898623 1.478845765
2.094395102 -10.88279619 3.213552267
2.617993878 -9.975896503 0.8798518807
3.141592654 -9.068996821 0.7306977041
3.665191429 -8.162097139 0.8798518807
4.188790205 -7.255197457 3.213552267
4.71238898 -6.348297775 0.8263293946
5.235987756 -5.441398093 0.4515811818
5.759586532 -4.534498411 0.2010144756
6.283185307 -3.627598728 0.03956561088
6.806784083 -2.720699046 0.2010144756
7.330382858 -1.813799364 0.4515811818
7.853981634 -0.9068996821 0.8263293946
8.37758041 -4.440892099e-16 3.213552267
8.901179185 0.9068996821 0.8798518807
9.424777961 1.813799364 0.7306977041
9.948376736 2.720699046 0.8798518807
10.47197551 3.627598728 3.213552267
