-10.472 -3.6276 1.355948954
-9.948376736 -2.720699046 1.295727271
-9.424777961 -1.813799364 1.103378359
-8.901179185 -0.9068996821 1.295727271
-8.37758041 -4.440892099e-16 1.355948954
-7.853981634 0.9068996821 0.9257211504
-7.330382858 1.813799364 0.4363861226
-6.806784083 2.720699046 0.1794264776
-6.283185307 3.627598728 0.0381205702
-5.759586532 4.534498411 0.1794264776
-5.235987756 5.441398093 0.4363861226
-4.71238898 6.348297775 0.9257211504
-4.188790205 7.255197457 1.355948954
-3.665191429 8.162097139 1.295727271
-3.141592654 9.068996821 1.103378359
-2.617993878 9.975896503 1.295727271
-2.094395102 10.88279619 1.355948954
-9.948376736 -3.929898623 1.174956199
-9.424777961 -3.02299894 1.010907148
-8.901179185 -2.116099258 0.8904179732
-8.37758041 -1.209199576 1.010721589
-7.853981634 -0.302299894 1.174698796
-7.330382858 0.6045997881 0.9366936099
-6.806784083 1.51149947 0.4645747129
-6.283185307 2.418399152 0.2146522742
-5.759586532 3.325298834 0.09803919049
-5.235987756 4.232198517 0.2146576577
-4.71238898 5.139098199 0.4646161953
-4.188790205 6.045997881 0.93683365
-3.665191429 6.952897563 1.174956199
-3.141592654 7.859797245 1.010907148
-2.617993878 8.766696927 0.8904179732
-2.094395102 9.673596609 1.010721589
-1.570796327 10.58049629 1.174698796
-9.424777961 -4.232198517 0.8986017131
-8.901179185 -3.325298834 0.6643260204
-8.37758041 -2.418399152 0.5865910736
-7.853981634 -1.51149947 0.6642187686
-7.330382858 -0.6045997881 0.8983596353
-6.806784083 0.302299894 0.9616479571
-6.283185307 1.209199576 0.5482392844
-5.759586532 2.116099258 0.3052147889
-5.235987756 3.02299894 0.2187707873
-4.71238898 3.929898623 0.3052232927
-4.188790205 4.836798305 0.548316541
-3.665191429 5.743697987 0.9618903826
-3.141592654 6.650597669 0.8986017131
-2.617993878 7.557497351 0.6643260204
-2.094395102 8.464397033 0.5865910736
-1.570796327 9.371296715 0.6642187686
-1.047197551 10.2781964 0.8983596353
-8.901179185 -4.534498411 0.6903396826
-8.37758041 -3.627598728 0.4470400641
-7.853981634 -2.720699046 0.3730247941
-7.330382858 -1.813799364 0.4469894495
-6.806784083 -0.9068996821 0.690210257
-6.283185307 -8.881784197e-16 0.97606732
-5.759586532 0.9068996821 0.690210257
-5.235987756 1.813799364 0.4469894495
-4.71238898 2.720699046 0.3730247941
-4.188790205 3.627598728 0.4470400641
-3.665191429 4.534498411 0.6903396826
-3.141592654 5.441398093 0.9763501816
-2.617993878 6.348297775 0.6903396826
-2.094395102 7.255197457 0.4470400641
-1.570796327 8.162097139 0.3730247941
-1.047197551 9.068996821 0.4469894495
-0.5235987756 9.975896503 0.690210257
-8.37758041 -4.836798305 0.548316541
-7.853981634 -3.929898623 0.3052232927
-7.330382858 -3.02299894 0.2187707873
-6.806784083 -2.116099258 0.3052147889
-6.283185307 -1.209199576 0.5482392844
-5.759586532 -0.302299894 0.9616479571
-5.235987756 0.6045997881 0.8983596353
-4.71238898 1.51149947 0.6642187686
-4.188790205 2.418399152 0.5865910736
-3.665191429 3.325298834 0.6643260204
-3.141592654 4.232198517 0.8986017131
-2.617993878 5.139098199 0.9618903826
-2.094395102 6.045997881 0.548316541
-1.570796327 6.952897563 0.3052232927
-1.047197551 7.859797245 0.2187707873
-0.5235987756 8.766696927 0.3052147889
-8.881784197e-16 9.673596609 0.5482392844
-7.853981634 -5.139098199 0.4646161953
-7.330382858 -4.232198517 0.2146576577
-6.806784083 -3.325298834 0.09803919049
-6.283185307 -2.418399152 0.2146522742
-5.759586532 -1.51149947 0.4645747129
-5.235987756 -0.6045997881 0.9366936099
-4.71238898 0.302299894 1.174698796
-4.188790205 1.209199576 1.010721589
-3.665191429 2.116099258 0.8904179732
-3.141592654 3.02299894 1.010907148
-2.617993878 3.929898623 1.174956199
-2.094395102 4.836798305 0.93683365
-1.570796327 5.743697987 0.4646161953
-1.047197551 6.650597669 0.2146576577
-0.5235987756 7.557497351 0.09803919049
-1.776356839e-15 8.464397033 0.2146522742
0.5235987756 9.371296715 0.4645747129
-7.330382858 -5.441398093 0.4363861226
-6.806784083 -4.534498411 0.1794264776
-6.283185307 -3.627598728 0.0381205702
-5.759586532 -2.720699046 0.1794264776
-5.235987756 -1.813799364 0.4363861226
-4.71238898 -0.9068996821 0.9257211504
-4.188790205 -6.661338148e-16 1.355948954
-3.665191429 0.9068996821 1.295727271
-3.141592654 1.813799364 1.103378359
-2.617993878 2.720699046 1.295727271
-2.094395102 3.627598728 1.355948954
-1.570796327 4.534498411 0.9257211504
-1.047197551 5.441398093 0.4363861226
-0.5235987756 6.348297775 0.1794264776
-1.33226763e-15 7.255197457 0.0381205702
0.5235987756 8.162097139 0.1794264776
1.047197551 9.068996821 0.4363861226
-6.806784083 -5.743697987 0.4645747129
-6.283185307 -4.836798305 0.2146522742
-5.759586532 -3.929898623 0.09803919049
-5.235987756 -3.02299894 0.2146576577
-4.71238898 -2.116099258 0.4646161953
-4.188790205 -1.209199576 0.93683365
-3.665191429 -0.302299894 1.174956199
-3.141592654 0.6045997881 1.010907148
-2.617993878 1.51149947 0.8904179732
-2.094395102 2.418399152 1.010721589
-1.570796327 3.325298834 1.174698796
-1.047197551 4.232198517 0.9366936099
-0.5235987756 5.139098199 0.4645747129
-1.776356839e-15 6.045997881 0.2146522742
0.5235987756 6.952897563 0.09803919049
1.047197551 7.859797245 0.2146576577
1.570796327 8.766696927 0.4646161953
-6.283185307 -6.045997881 0.5482392844
-5.759586532 -5.139098199 0.3052147889
-5.235987756 -4.232198517 0.2187707873
-4.71238898 -3.325298834 0.3052232927
-4.188790205 -2.418399152 0.548316541
-3.665191429 -1.51149947 0.9618903826
-3.141592654 -0.6045997881 0.8986017131
-2.617993878 0.302299894 0.6643260204
-2.094395102 1.209199576 0.5865910736
-1.570796327 2.116099258 0.6642187686
-1.047197551 3.02299894 0.8983596353
-0.5235987756 3.929898623 0.9616479571
-1.776356839e-15 4.836798305 0.5482392844
0.5235987756 5.743697987 0.3052147889
1.047197551 6.650597669 0.2187707873
1.570796327 7.557497351 0.3052232927
2.094395102 8.464397033 0.548316541
-5.759586532 -6.348297775 0.690210257
-5.235987756 -5.441398093 0.4469894495
-4.71238898 -4.534498411 0.3730247941
-4.188790205 -3.627598728 0.4470400641
-3.665191429 -2.720699046 0.6903396826
-3.141592654 -1.813799364 0.9763501816
-2.617993878 -0.9068996821 0.6903396826
-2.094395102 -4.440892099e-16 0.4470400641
-1.570796327 0.9068996821 0.3730247941
-1.047197551 1.813799364 0.4469894495
-0.5235987756 2.720699046 0.690210257
-1.776356839e-15 3.627598728 0.97606732
0.5235987756 4.534498411 0.690210257
1.047197551 5.441398093 0.4469894495
1.570796327 6.348297775 0.3730247941
2.094395102 7.255197457 0.4470400641
2.617993878 8.162097139 0.6903396826
-5.235987756 -6.650597669 0.8983596353
-4.71238898 -5.743697987 0.6642187686
-4.188790205 -4.836798305 0.5865910736
-3.665191429 -3.929898623 0.6643260204
-3.141592654 -3.02299894 0.8986017131
-2.617993878 -2.116099258 0.9618903826
-2.094395102 -1.209199576 0.548316541
-1.570796327 -0.302299894 0.3052232927
-1.047197551 0.6045997881 0.2187707873
-0.5235987756 1.51149947 0.3052147889
-1.998401444e-15 2.418399152 0.5482392844
0.5235987756 3.325298834 0.9616479571
1.047197551 4.232198517 0.8983596353
1.570796327 5.139098199 0.6642187686
2.094395102 6.045997881 0.5865910736
2.617993878 6.952897563 0.6643260204
3.141592654 7.859797245 0.8986017131
-4.71238898 -6.952897563 1.174698796
-4.188790205 -6.045997881 1.010721589
-3.665191429 -5.139098199 0.8904179732
-3.141592654 -4.232198517 1.010907148
-2.617993878 -3.325298834 1.174956199
-2.094395102 -2.418399152 0.93683365
-1.570796327 -1.51149947 0.4646161953
-1.047197551 -0.6045997881 0.2146576577
-0.5235987756 0.302299894 0.09803919049
-1.998401444e-15 1.209199576 0.2146522742
0.5235987756 2.116099258 0.4645747129
1.047197551 3.02299894 0.9366936099
1.570796327 3.929898623 1.174698796
2.094395102 4.836798305 1.010721589
2.617993878 5.743697987 0.8904179732
3.141592654 6.650597669 1.010907148
3.665191429 7.557497351 1.174956199
-4.188790205 -7.255197457 1.355948954
-3.665191429 -6.348297775 1.295727271
-3.141592654 -5.441398093 1.103378359
-2.617993878 -4.534498411 1.295727271
-2.094395102 -3.627598728 1.355948954
-1.570796327 -2.720699046 0.9257211504
-1.047197551 -1.813799364 0.4363861226
-0.5235987756 -0.9068996821 0.1794264776
-2.012207695e-15 -3.766214946e-16 0.0381205702
0.5235987756 0.9068996821 0.1794264776
1.047197551 1.813799364 0.4363861226
1.570796327 2.720699046 0.9257211504
2.094395102 3.627598728 1.355948954
2.617993878 4.534498411 1.295727271
3.141592654 5.441398093 1.103378359
3.665191429 6.348297775 1.295727271
4.188790205 7.255197457 1.355948954
-3.665191429 -7.557497351 1.174956199
-3.141592654 -6.650597669 1.010907148
-2.617993878 -5.743697987 0.8904179732
-2.094395102 -4.836798305 1.010721589
-1.570796327 -3.929898623 1.174698796
-1.047197551 -3.02299894 0.9366936099
-0.5235987756 -2.116099258 0.4645747129
-2.109423747e-15 -1.209199576 0.2146522742
0.5235987756 -0.302299894 0.09803919049
1.047197551 0.6045997881 0.2146576577
1.570796327 1.51149947 0.4646161953
2.094395102 2.418399152 0.93683365
2.617993878 3.325298834 1.174956199
3.141592654 4.232198517 1.010907148
3.665191429 5.139098199 0.8904179732
4.188790205 6.045997881 1.010721589
4.71238898 6.952897563 1.174698796
-3.141592654 -7.859797245 0.8986017131
-2.617993878 -6.952897563 0.6643260204
-2.094395102 -6.045997881 0.5865910736
-1.570796327 -5.139098199 0.6642187686
-1.047197551 -4.232198517 0.8983596353
-0.5235987756 -3.325298834 0.9616479571
-2.220446049e-15 -2.418399152 0.5482392844
0.5235987756 -1.51149947 0.3052147889
1.047197551 -0.6045997881 0.2187707873
1.570796327 0.302299894 0.3052232927
2.094395102 1.209199576 0.548316541
2.617993878 2.116099258 0.9618903826
3.141592654 3.02299894 0.8986017131
3.665191429 3.929898623 0.6643260204
4.188790205 4.836798305 0.5865910736
4.71238898 5.743697987 0.6642187686
5.235987756 6.650597669 0.8983596353
-2.617993878 -8.162097139 0.6903396826
-2.094395102 -7.255197457 0.4470400641
-1.570796327 -6.348297775 0.3730247941
-1.047197551 -5.441398093 0.4469894495
-0.5235987756 -4.534498411 0.690210257
-2.220446049e-15 -3.627598728 0.97606732
0.5235987756 -2.720699046 0.690210257
1.047197551 -1.813799364 0.4469894495
1.570796327 -0.9068996821 0.3730247941
2.094395102 -3.330669074e-16 0.4470400641
2.617993878 0.9068996821 0.6903396826
3.141592654 1.813799364 0.9763501816
3.665191429 2.720699046 0.6903396826
4.188790205 3.627598728 0.4470400641
4.71238898 4.534498411 0.3730247941
5.235987756 5.441398093 0.4469894495
5.759586532 6.348297775 0.690210257
-2.094395102 -8.464397033 0.548316541
-1.570796327 -7.557497351 0.3052232927
-1.047197551 -6.650597669 0.2187707873
-0.5235987756 -5.743697987 0.3052147889
-2.220446049e-15 -4.836798305 0.5482392844
0.5235987756 -3.929898623 0.9616479571
1.047197551 -3.02299894 0.8983596353
1.570796327 -2.116099258 0.6642187686
2.094395102 -1.209199576 0.5865910736
2.617993878 -0.302299894 0.6643260204
3.141592654 0.6045997881 0.8986017131
3.665191429 1.51149947 0.9618903826
4.188790205 2.418399152 0.548316541
4.71238898 3.325298834 0.3052232927
5.235987756 4.232198517 0.2187707873
5.759586532 5.139098199 0.3052147889
6.283185307 6.045997881 0.5482392844
-1.570796327 -8.766696927 0.4646161953
-1.047197551 -7.859797245 0.2146576577
-0.5235987756 -6.952897563 0.09803919049
-2.220446049e-15 -6.045997881 0.2146522742
0.5235987756 -5.139098199 0.4645747129
1.047197551 -4.232198517 0.9366936099
1.570796327 -3.325298834 1.174698796
2.094395102 -2.418399152 1.010721589
2.617993878 -1.51149947 0.8904179732
3.141592654 -0.6045997881 1.010907148
3.665191429 0.302299894 1.174956199
4.188790205 1.209199576 0.93683365
4.71238898 2.116099258 0.4646161953
5.235987756 3.02299894 0.2146576577
5.759586532 3.929898623 0.09803919049
6.283185307 4.836798305 0.2146522742
6.806784083 5.743697987 0.4645747129
-1.047197551 -9.068996821 0.4363861226
-0.5235987756 -8.162097139 0.1794264776
-2.664535259e-15 -7.255197457 0.0381205702
0.5235987756 -6.348297775 0.1794264776
1.047197551 -5.441398093 0.4363861226
1.570796327 -4.534498411 0.9257211504
2.094395102 -3.627598728 1.355948954
2.617993878 -2.720699046 1.295727271
3.141592654 -1.813799364 1.103378359
3.665191429 -0.9068996821 1.295727271
4.188790205 -2.220446049e-16 1.355948954
4.71238898 0.9068996821 0.9257211504
5.235987756 1.813799364 0.4363861226
5.759586532 2.720699046 0.1794264776
6.283185307 3.627598728 0.0381205702
6.806784083 4.534498411 0.1794264776
7.330382858 5.441398093 0.4363861226
-0.5235987756 -9.371296715 0.4645747129
-2.220446049e-15 -8.464397033 0.2146522742
0.5235987756 -7.557497351 0.09803919049
1.047197551 -6.650597669 0.2146576577
1.570796327 -5.743697987 0.4646161953
2.094395102 -4.836798305 0.93683365
2.617993878 -3.929898623 1.174956199
3.141592654 -3.02299894 1.010907148
3.665191429 -2.116099258 0.8904179732
4.188790205 -1.209199576 1.010721589
4.71238898 -0.302299894 1.174698796
5.235987756 0.6045997881 0.9366936099
5.759586532 1.51149947 0.4645747129
6.283185307 2.418399152 0.2146522742
6.806784083 3.325298834 0.09803919049
7.330382858 4.232198517 0.2146576577
7.853981634 5.139098199 0.4646161953
-1.776356839e-15 -9.673596609 0.5482392844
0.5235987756 -8.766696927 0.3052147889
1.047197551 -7.859797245 0.2187707873
1.570796327 -6.952897563 0.3052232927
2.094395102 -6.045997881 0.548316541
2.617993878 -5.139098199 0.9618903826
3.141592654 -4.232198517 0.8986017131
3.665191429 -3.325298834 0.6643260204
4.188790205 -2.418399152 0.5865910736
4.71238898 -1.51149947 0.6642187686
5.235987756 -0.6045997881 0.8983596353
5.759586532 0.302299894 0.9616479571
6.283185307 1.209199576 0.5482392844
6.806784083 2.116099258 0.3052147889
7.330382858 3.02299894 0.2187707873
7.853981634 3.929898623 0.3052232927
8.37758041 4.836798305 0.548316541
0.5235987756 -9.975896503 0.690210257
1.047197551 -9.068996821 0.4469894495
1.570796327 -8.162097139 0.3730247941
2.094395102 -7.255197457 0.4470400641
2.617993878 -6.348297775 0.6903396826
3.141592654 -5.441398093 0.9763501816
3.665191429 -4.534498411 0.6903396826
4.188790205 -3.627598728 0.4470400641
4.71238898 -2.720699046 0.3730247941
5.235987756 -1.813799364 0.4469894495
5.759586532 -0.9068996821 0.690210257
6.283185307 -4.440892099e-16 0.97606732
6.806784083 0.9068996821 0.690210257
7.330382858 1.813799364 0.4469894495
7.853981634 2.720699046 0.3730247941
8.37758041 3.627598728 0.4470400641
8.901179185 4.534498411 0.6903396826
1.047197551 -10.2781964 0.8983596353
1.570796327 -9.371296715 0.6642187686
2.094395102 -8.464397033 0.5865910736
2.617993878 -7.557497351 0.6643260204
3.141592654 -6.650597669 0.8986017131
3.665191429 -5.743697987 0.9618903826
4.188790205 -4.836798305 0.548316541
4.71238898 -3.929898623 0.3052232927
5.235987756 -3.02299894 0.2187707873
5.759586532 -2.116099258 0.3052147889
6.283185307 -1.209199576 0.5482392844
6.806784083 -0.302299894 0.9616479571
7.330382858 0.6045997881 0.8983596353
7.853981634 1.51149947 0.6642187686
8.37758041 2.418399152 0.5865910736
8.901179185 3.325298834 0.6643260204
9.424777961 4.232198517 0.8986017131
1.570796327 -10.58049629 1.174698796
2.094395102 -9.673596609 1.010721589
2.617993878 -8.766696927 0.8904179732
3.141592654 -7.859797245 1.010907148
3.665191429 -6.952897563 1.174956199
4.188790205 -6.045997881 0.93683365
4.71238898 -5.139098199 0.4646161953
5.235987756 -4.232198517 0.2146576577
5.759586532 -3.325298834 0.09803919049
6.283185307 -2.418399152 0.2146522742
6.806784083 -1.51149947 0.4645747129
7.330382858 -0.6045997881 0.9366936099
7.853981634 0.302299894 1.174698796
8.37758041 1.209199576 1.010721589
8.901179185 2.116099258 0.8904179732
9.424777961 3.02299894 1.010907148
9.948376736 3.929898623 1.174956199
2.094395102 -10.88279619 1.355948954
2.617993878 -9.975896503 1.295727271
3.141592654 -9.068996821 1.103378359
3.665191429 -8.162097139 1.295727271
4.188790205 -7.255197457 1.355948954
4.71238898 -6.348297775 0.9257211504
5.235987756 -5.441398093 0.4363861226
5.759586532 -4.534498411 0.1794264776
6.283185307 -3.627598728 0.0381205702
6.806784083 -2.720699046 0.1794264776
7.330382858 -1.813799364 0.4363861226
7.853981634 -0.9068996821 0.9257211504
8.37758041 -4.440892099e-16 1.355948954
8.901179185 0.9068996821 1.295727271
9.424777961 1.813799364 1.103378359
9.948376736 2.720699046 1.295727271
10.47197551 3.627598728 1.355948954
