-10.472 -3.6276 0.9284845302
-9.948376736 -2.720699046 0.6891037581
-9.424777961 -1.813799364 0.4128573423
-8.901179185 -0.9068996821 0.6891037581
-8.37758041 -4.440892099e-16 0.9284845302
-7.853981634 0.9068996821 1.211566134
-7.330382858 1.813799364 0.5249704069
-6.806784083 2.720699046 0.2290619669
-6.283185307 3.627598728 0.02089485492
-5.759586532 4.534498411 0.2290619669
-5.235987756 5.441398093 0.5249704069
-4.71238898 6.348297775 1.211566134
-4.188790205 7.255197457 0.9284845302
-3.665191429 8.162097139 0.6891037581
-3.141592654 9.068996821 0.4128573423
-2.617993878 9.975896503 0.6891037581
-2.094395102 10.88279619 0.9284845302
-9.948376736 -3.929898623 0.9010627738
-9.424777961 -3.02299894 0.6248846165
-8.901179185 -2.116099258 0.3772087415
-8.37758041 -1.209199576 0.624890033
-7.853981634 -0.302299894 0.9010906909
-7.330382858 0.6045997881 1.33770708
-6.806784083 1.51149947 0.5458378074
-6.283185307 2.418399152 0.2487290892
-5.759586532 3.325298834 0.05963407213
-5.235987756 4.232198517 0.2487156864
-4.71238898 5.139098199 0.5458338718
-4.188790205 6.045997881 1.337685783
-3.665191429 6.952897563 0.9010627738
-3.141592654 7.859797245 0.6248846165
-2.617993878 8.766696927 0.3772087415
-2.094395102 9.673596609 0.624890033
-1.570796327 10.58049629 0.9010906909
-9.424777961 -4.232198517 0.8211869366
-8.901179185 -3.325298834 0.5015647054
-8.37758041 -2.418399152 0.3023771258
-7.853981634 -1.51149947 0.5015750534
-7.330382858 -0.6045997881 0.8212421934
-6.806784083 0.302299894 1.779890712
-6.283185307 1.209199576 0.6090152548
-5.759586532 2.116099258 0.3043383571
-5.235987756 3.02299894 0.1344807146
-4.71238898 3.929898623 0.3043186364
-4.188790205 4.836798305 0.6089932757
-3.665191429 5.743697987 1.779768746
-3.141592654 6.650597669 0.8211869366
-2.617993878 7.557497351 0.5015647054
-2.094395102 8.464397033 0.3023771258
-1.570796327 9.371296715 0.5015750534
-1.047197551 10.2781964 0.8212421934
-8.901179185 -4.534498411 0.7098441864
-8.37758041 -3.627598728 0.3898166192
-7.853981634 -2.720699046 0.2191590658
-7.330382858 -1.813799364 0.3898351514
-6.806784083 -0.9068996821 0.709888804
-6.283185307 -8.881784197e-16 2.232703737
-5.759586532 0.9068996821 0.709888804
-5.235987756 1.813799364 0.3898351514
-4.71238898 2.720699046 0.2191590658
-4.188790205 3.627598728 0.3898166192
-3.665191429 4.534498411 0.7098441864
-3.141592654 5.441398093 2.232368984
-2.617993878 6.348297775 0.7098441864
-2.094395102 7.255197457 0.3898166192
-1.570796327 8.162097139 0.2191590658
-1.047197551 9.068996821 0.3898351514
-0.5235987756 9.975896503 0.709888804
-8.37758041 -4.836798305 0.6089932757
-7.853981634 -3.929898623 0.3043186364
-7.330382858 -3.02299894 0.1344807146
-6.806784083 -2.116099258 0.3043383571
-6.283185307 -1.209199576 0.6090152548
-5.759586532 -0.302299894 1.779890712
-5.235987756 0.6045997881 0.8212421934
-4.71238898 1.51149947 0.5015750534
-4.188790205 2.418399152 0.3023771258
-3.665191429 3.325298834 0.5015647054
-3.141592654 4.232198517 0.8211869366
-2.617993878 5.139098199 1.779768746
-2.094395102 6.045997881 0.6089932757
-1.570796327 6.952897563 0.3043186364
-1.047197551 7.859797245 0.1344807146
-0.5235987756 8.766696927 0.3043383571
-8.881784197e-16 9.673596609 0.6090152548
-7.853981634 -5.139098199 0.5458338718
-7.330382858 -4.232198517 0.2487156864
-6.806784083 -3.325298834 0.05963407213
-6.283185307 -2.418399152 0.2487290892
-5.759586532 -1.51149947 0.5458378074
-5.235987756 -0.6045997881 1.33770708
-4.71238898 0.302299894 0.9010906909
-4.188790205 1.209199576 0.624890033
-3.665191429 2.116099258 0.3772087415
-3.141592654 3.02299894 0.6248846165
-2.617993878 3.929898623 0.9010627738
-2.094395102 4.836798305 1.337685783
-1.570796327 5.743697987 0.5458338718
-1.047197551 6.650597669 0.2487156864
-0.5235987756 7.557497351 0.05963407213
-1.776356839e-15 8.464397033 0.2487290892
0.5235987756 9.371296715 0.5458378074
-7.330382858 -5.441398093 0.5249704069
-6.806784083 -4.534498411 0.2290619669
-6.283185307 -3.627598728 0.02089485492
-5.759586532 -2.720699046 0.2290619669
-5.235987756 -1.813799364 0.5249704069
-4.71238898 -0.9068996821 1.211566134
-4.188790205 -6.661338148e-16 0.9284845302
-3.665191429 0.9068996821 0.6891037581
-3.141592654 1.813799364 0.4128573423
-2.617993878 2.720699046 0.6891037581
-2.094395102 3.627598728 0.9284845302
-1.570796327 4.534498411 1.211566134
-1.047197551 5.441398093 0.5249704069
-0.5235987756 6.348297775 0.2290619669
-1.33226763e-15 7.255197457 0.02089485492
0.5235987756 8.162097139 0.2290619669
1.047197551 9.068996821 0.5249704069
-6.806784083 -5.743697987 0.5458378074
-6.283185307 -4.836798305 0.2487290892
-5.759586532 -3.929898623 0.05963407213
-5.235987756 -3.02299894 0.2487156864
-4.71238898 -2.116099258 0.5458338718
-4.188790205 -1.209199576 1.337685783
-3.665191429 -0.302299894 0.9010627738
-3.141592654 0.6045997881 0.6248846165
-2.617993878 1.51149947 0.3772087415
-2.094395102 2.418399152 0.624890033
-1.570796327 3.325298834 0.9010906909
-1.047197551 4.232198517 1.33770708
-0.5235987756 5.139098199 0.5458378074
-1.776356839e-15 6.045997881 0.2487290892
0.5235987756 6.952897563 0.05963407213
1.047197551 7.859797245 0.2487156864
1.570796327 8.766696927 0.5458338718
-6.283185307 -6.045997881 0.6090152548
-5.759586532 -5.139098199 0.3043383571
-5.235987756 -4.232198517 0.1344807146
-4.71238898 -3.325298834 0.3043186364
-4.188790205 -2.418399152 0.6089932757
-3.665191429 -1.51149947 1.779768746
-3.141592654 -0.6045997881 0.8211869366
-2.617993878 0.302299894 0.5015647054
-2.094395102 1.209199576 0.3023771258
-1.570796327 2.116099258 0.5015750534
-1.047197551 3.02299894 0.8212421934
-0.5235987756 3.929898623 1.779890712
-1.776356839e-15 4.836798305 0.6090152548
0.5235987756 5.743697987 0.3043383571
1.047197551 6.650597669 0.1344807146
1.570796327 7.557497351 0.3043186364
2.094395102 8.464397033 0.6089932757
-5.759586532 -6.348297775 0.709888804
-5.235987756 -5.441398093 0.3898351514
-4.71238898 -4.534498411 0.2191590658
-4.188790205 -3.627598728 0.3898166192
-3.665191429 -2.720699046 0.7098441864
-3.141592654 -1.813799364 2.232368984
-2.617993878 -0.9068996821 0.7098441864
-2.094395102 -4.440892099e-16 0.3898166192
-1.570796327 0.9068996821 0.2191590658
-1.047197551 1.813799364 0.3898351514
-0.5235987756 2.720699046 0.709888804
-1.776356839e-15 3.627598728 2.232703737
0.5235987756 4.534498411 0.709888804
1.047197551 5.441398093 0.3898351514
1.570796327 6.348297775 0.2191590658
2.094395102 7.255197457 0.3898166192
2.617993878 8.162097139 0.7098441864
-5.235987756 -6.650597669 0.8212421934
-4.71238898 -5.743697987 0.5015750534
-4.188790205 -4.836798305 0.3023771258
-3.665191429 -3.929898623 0.5015647054
-3.141592654 -3.02299894 0.8211869366
-2.617993878 -2.116099258 1.779768746
-2.094395102 -1.209199576 0.6089932757
-1.570796327 -0.302299894 0.3043186364
-1.047197551 0.6045997881 0.1344807146
-0.5235987756 1.51149947 0.3043383571
-1.998401444e-15 2.418399152 0.6090152548
0.5235987756 3.325298834 1.779890712
1.047197551 4.232198517 0.8212421934
1.570796327 5.139098199 0.5015750534
2.094395102 6.045997881 0.3023771258
2.617993878 6.952897563 0.5015647054
3.141592654 7.859797245 0.8211869366
-4.71238898 -6.952897563 0.9010906909
-4.188790205 -6.045997881 0.624890033
-3.665191429 -5.139098199 0.3772087415
-3.141592654 -4.232198517 0.6248846165
-2.617993878 -3.325298834 0.9010627738
-2.094395102 -2.418399152 1.337685783
-1.570796327 -1.51149947 0.5458338718
-1.047197551 -0.6045997881 0.2487156864
-0.5235987756 0.302299894 0.05963407213
-1.998401444e-15 1.209199576 0.2487290892
0.5235987756 2.116099258 0.5458378074
1.047197551 3.02299894 1.33770708
1.570796327 3.929898623 0.9010906909
2.094395102 4.836798305 0.624890033
2.617993878 5.743697987 0.3772087415
3.141592654 6.650597669 0.6248846165
3.665191429 7.557497351 0.9010627738
-4.188790205 -7.255197457 0.9284845302
-3.665191429 -6.348297775 0.6891037581
-3.141592654 -5.441398093 0.4128573423
-2.617993878 -4.534498411 0.6891037581
-2.094395102 -3.627598728 0.9284845302
-1.570796327 -2.720699046 1.211566134
-1.047197551 -1.813799364 0.5249704069
-0.5235987756 -0.9068996821 0.2290619669
-2.012207695e-15 -3.766214946e-16 0.02089485492
0.5235987756 0.9068996821 0.2290619669
1.047197551 1.813799364 0.5249704069
1.570796327 2.720699046 1.211566134
2.094395102 3.627598728 0.9284845302
2.617993878 4.534498411 0.6891037581
3.141592654 5.441398093 0.4128573423
3.665191429 6.348297775 0.6891037581
4.188790205 7.255197457 0.9284845302
-3.665191429 -7.557497351 0.9010627738
-3.141592654 -6.650597669 0.6248846165
-2.617993878 -5.743697987 0.3772087415
-2.094395102 -4.836798305 0.624890033
-1.570796327 -3.929898623 0.9010906909
-1.047197551 -3.02299894 1.33770708
-0.5235987756 -2.116099258 0.5458378074
-2.109423747e-15 -1.209199576 0.2487290892
0.5235987756 -0.302299894 0.05963407213
1.047197551 0.6045997881 0.2487156864
1.570796327 1.51149947 0.5458338718
2.094395102 2.418399152 1.337685783
2.617993878 3.325298834 0.9010627738
3.141592654 4.232198517 0.6248846165
3.665191429 5.139098199 0.3772087415
4.188790205 6.045997881 0.624890033
4.71238898 6.952897563 0.9010906909
-3.141592654 -7.859797245 0.8211869366
-2.617993878 -6.952897563 0.5015647054
-2.094395102 -6.045997881 0.3023771258
-1.570796327 -5.139098199 0.5015750534
-1.047197551 -4.232198517 0.8212421934
-0.5235987756 -3.325298834 1.779890712
-2.220446049e-15 -2.418399152 0.6090152548
0.5235987756 -1.51149947 0.3043383571
1.047197551 -0.6045997881 0.1344807146
1.570796327 0.302299894 0.3043186364
2.094395102 1.209199576 0.6089932757
2.617993878 2.116099258 1.779768746
3.141592654 3.02299894 0.8211869366
3.665191429 3.929898623 0.5015647054
4.188790205 4.836798305 0.3023771258
4.71238898 5.743697987 0.5015750534
5.235987756 6.650597669 0.8212421934
-2.617993878 -8.162097139 0.7098441864
-2.094395102 -7.255197457 0.3898166192
-1.570796327 -6.348297775 0.2191590658
-1.047197551 -5.441398093 0.3898351514
-0.5235987756 -4.534498411 0.709888804
-2.220446049e-15 -3.627598728 2.232703737
0.5235987756 -2.720699046 0.709888804
1.047197551 -1.813799364 0.3898351514
1.570796327 -0.9068996821 0.2191590658
2.094395102 -3.330669074e-16 0.3898166192
2.617993878 0.9068996821 0.7098441864
3.141592654 1.813799364 2.232368984
3.665191429 2.720699046 0.7098441864
4.188790205 3.627598728 0.3898166192
4.71238898 4.534498411 0.2191590658
5.235987756 5.441398093 0.3898351514
5.759586532 6.348297775 0.709888804
-2.094395102 -8.464397033 0.6089932757
-1.570796327 -7.557497351 0.3043186364
-1.047197551 -6.650597669 0.1344807146
-0.5235987756 -5.743697987 0.3043383571
-2.220446049e-15 -4.836798305 0.6090152548
0.5235987756 -3.929898623 1.779890712
1.047197551 -3.02299894 0.8212421934
1.570796327 -2.116099258 0.5015750534
2.094395102 -1.209199576 0.3023771258
2.617993878 -0.302299894 0.5015647054
3.141592654 0.6045997881 0.8211869366
3.665191429 1.51149947 1.779768746
4.188790205 2.418399152 0.6089932757
4.71238898 3.325298834 0.3043186364
5.235987756 4.232198517 0.1344807146
5.759586532 5.139098199 0.3043383571
6.283185307 6.045997881 0.6090152548
-1.570796327 -8.766696927 0.5458338718
-1.047197551 -7.859797245 0.2487156864
-0.5235987756 -6.952897563 0.05963407213
-2.220446049e-15 -6.045997881 0.2487290892
0.5235987756 -5.139098199 0.5458378074
1.047197551 -4.232198517 1.33770708
1.570796327 -3.325298834 0.9010906909
2.094395102 -2.418399152 0.624890033
2.617993878 -1.51149947 0.3772087415
3.141592654 -0.6045997881 0.6248846165
3.665191429 0.302299894 0.9010627738
4.188790205 1.209199576 1.337685783
4.71238898 2.116099258 0.5458338718
5.235987756 3.02299894 0.2487156864
5.759586532 3.929898623 0.05963407213
6.283185307 4.836798305 0.2487290892
6.806784083 5.743697987 0.5458378074
-1.047197551 -9.068996821 0.5249704069
-0.5235987756 -8.162097139 0.2290619669
-2.664535259e-15 -7.255197457 0.02089485492
0.5235987756 -6.348297775 0.2290619669
1.047197551 -5.441398093 0.5249704069
1.570796327 -4.534498411 1.211566134
2.094395102 -3.627598728 0.9284845302
2.617993878 -2.720699046 0.6891037581
3.141592654 -1.813799364 0.4128573423
3.665191429 -0.9068996821 0.6891037581
4.188790205 -2.220446049e-16 0.9284845302
4.71238898 0.9068996821 1.211566134
5.235987756 1.813799364 0.5249704069
5.759586532 2.720699046 0.2290619669
6.283185307 3.627598728 0.02089485492
6.806784083 4.534498411 0.2290619669
7.330382858 5.441398093 0.5249704069
-0.5235987756 -9.371296715 0.5458378074
-2.220446049e-15 -8.464397033 0.2487290892
0.5235987756 -7.557497351 0.05963407213
1.047197551 -6.650597669 0.2487156864
1.570796327 -5.743697987 0.5458338718
2.094395102 -4.836798305 1.337685783
2.617993878 -3.929898623 0.9010627738
3.141592654 -3.02299894 0.6248846165
3.665191429 -2.116099258 0.3772087415
4.188790205 -1.209199576 0.624890033
4.71238898 -0.302299894 0.9010906909
5.235987756 0.6045997881 1.33770708
5.759586532 1.51149947 0.5458378074
6.283185307 2.418399152 0.2487290892
6.806784083 3.325298834 0.05963407213
7.330382858 4.232198517 0.2487156864
7.853981634 5.139098199 0.5458338718
-1.776356839e-15 -9.673596609 0.6090152548
0.5235987756 -8.766696927 0.3043383571
1.047197551 -7.859797245 0.1344807146
1.570796327 -6.952897563 0.3043186364
2.094395102 -6.045997881 0.6089932757
2.617993878 -5.139098199 1.779768746
3.141592654 -4.232198517 0.8211869366
3.665191429 -3.325298834 0.5015647054
4.188790205 -2.418399152 0.3023771258
4.71238898 -1.51149947 0.5015750534
5.235987756 -0.6045997881 0.8212421934
5.759586532 0.302299894 1.779890712
6.283185307 1.209199576 0.6090152548
6.806784083 2.116099258 0.3043383571
7.330382858 3.02299894 0.1344807146
7.853981634 3.929898623 0.3043186364
8.37758041 4.836798305 0.6089932757
0.5235987756 -9.975896503 0.709888804
1.047197551 -9.068996821 0.3898351514
1.570796327 -8.162097139 0.2191590658
2.094395102 -7.255197457 0.3898166192
2.617993878 -6.348297775 0.7098441864
3.141592654 -5.441398093 2.232368984
3.665191429 -4.534498411 0.7098441864
4.188790205 -3.627598728 0.3898166192
4.71238898 -2.720699046 0.2191590658
5.235987756 -1.813799364 0.3898351514
5.759586532 -0.9068996821 0.709888804
6.283185307 -4.440892099e-16 2.232703737
6.806784083 0.9068996821 0.709888804
7.330382858 1.813799364 0.3898351514
7.853981634 2.720699046 0.2191590658
8.37758041 3.627598728 0.3898166192
8.901179185 4.534498411 0.7098441864
1.047197551 -10.2781964 0.8212421934
1.570796327 -9.371296715 0.5015750534
2.094395102 -8.464397033 0.3023771258
2.617993878 -7.557497351 0.5015647054
3.141592654 -6.650597669 0.8211869366
3.665191429 -5.743697987 1.779768746
4.188790205 -4.836798305 0.6089932757
4.71238898 -3.929898623 0.3043186364
5.235987756 -3.02299894 0.1344807146
5.759586532 -2.116099258 0.3043383571
6.283185307 -1.209199576 0.6090152548
6.806784083 -0.302299894 1.779890712
7.330382858 0.6045997881 0.8212421934
7.853981634 1.51149947 0.5015750534
8.37758041 2.418399152 0.3023771258
8.901179185 3.325298834 0.5015647054
9.424777961 4.232198517 0.8211869366
1.570796327 -10.58049629 0.9010906909
2.094395102 -9.673596609 0.624890033
2.617993878 -8.766696927 0.3772087415
3.141592654 -7.859797245 0.6248846165
3.665191429 -6.952897563 0.9010627738
4.188790205 -6.045997881 1.337685783
4.71238898 -5.139098199 0.5458338718
5.235987756 -4.232198517 0.2487156864
5.759586532 -3.325298834 0.05963407213
6.283185307 -2.418399152 0.2487290892
6.806784083 -1.51149947 0.5458378074
7.330382858 -0.6045997881 1.33770708
7.853981634 0.302299894 0.9010906909
8.37758041 1.209199576 0.624890033
8.901179185 2.116099258 0.3772087415
9.424777961 3.02299894 0.6248846165
9.948376736 3.929898623 0.9010627738
2.094395102 -10.88279619 0.9284845302
2.617993878 -9.975896503 0.6891037581
3.141592654 -9.068996821 0.4128573423
3.665191429 -8.162097139 0.6891037581
4.188790205 -7.255197457 0.9284845302
4.71238898 -6.348297775 1.211566134
5.235987756 -5.441398093 0.5249704069
5.759586532 -4.534498411 0.2290619669
6.283185307 -3.627598728 0.02089485492
6.806784083 -2.720699046 0.2290619669
7.330382858 -1.813799364 0.5249704069
7.853981634 -0.9068996821 1.211566134
8.37758041 -4.440892099e-16 0.9284845302
8.901179185 0.9068996821 0.6891037581
9.424777961 1.813799364 0.4128573423
9.948376736 2.720699046 0.6891037581
10.47197551 3.627598728 0.9284845302
